6.10000000e+01 9.98697274e-04
7.50000000e+01 9.97316707e-04
4.90000000e+01 1.00039366e-03
1.00000000e+02 9.94704965e-04
4.80000000e+01 1.00054413e-03
7.40000000e+01 9.97374693e-04
6.00000000e+01 9.98836052e-04
7.60000000e+01 9.97190846e-04
6.20000000e+01 9.98551493e-04
8.90000000e+01 9.95614448e-04
8.80000000e+01 9.95679902e-04
6.30000000e+01 9.98468903e-04
7.70000000e+01 9.97093162e-04
7.30000000e+01 9.97522183e-04
6.70000000e+01 9.98171243e-04
9.80000000e+01 9.94810823e-04
9.90000000e+01 9.94751277e-04
6.60000000e+01 9.98122371e-04
7.20000000e+01 9.97661384e-04
5.80000000e+01 9.99175996e-04
6.40000000e+01 9.98306683e-04
7.00000000e+01 9.97763953e-04
7.10000000e+01 9.97702098e-04
6.50000000e+01 9.98246744e-04
5.90000000e+01 9.99037111e-04
2.00000000e+00 1.01071988e-03
1.60000000e+01 1.00640816e-03
1.70000000e+01 1.00612181e-03
3.00000000e+00 1.01007361e-03
1.50000000e+01 1.00670333e-03
1.         0.00101136
2.90000000e+01 1.00377261e-03
2.80000000e+01 1.00399645e-03
1.40000000e+01 1.00698622e-03
3.80000000e+01 1.00195047e-03
1.00000000e+01 1.00828282e-03
4.00000000e+00 1.00977644e-03
5.00000000e+00 1.00952998e-03
1.10000e+01 1.00792e-03
3.90000000e+01 1.00174875e-03
7.0000000e+00 1.0090664e-03
1.30000000e+01 1.00733135e-03
1.20000000e+01 1.00759876e-03
6.00000000e+00 1.00920264e-03
2.30000000e+01 1.00486452e-03
3.70000000e+01 1.00216362e-03
3.60000000e+01 1.00238039e-03
2.20000000e+01 1.00507367e-03
3.40000000e+01 1.00268471e-03
2.00000000e+01 1.00543945e-03
8.00000000e+00 1.00874016e-03
9.00000000e+00 1.00844455e-03
2.10000000e+01 1.00524127e-03
3.50000000e+01 1.00257962e-03
1.90000000e+01 1.00567063e-03
3.10000000e+01 1.00340631e-03
2.50000000e+01 1.00441415e-03
2.40000000e+01 1.00465927e-03
3.00000000e+01 1.00355216e-03
1.80000000e+01 1.00591967e-03
2.60000000e+01 1.00432544e-03
3.20000000e+01 1.00317074e-03
3.30000000e+01 1.00293951e-03
2.70000000e+01 1.00419579e-03
4.00000000e+01 1.00157934e-03
5.40000000e+01 9.99746455e-04
6.80000000e+01 9.98017694e-04
8.3000000e+01 9.9629482e-04
9.70000000e+01 9.94918983e-04
9.60000000e+01 9.95073296e-04
8.20000000e+01 9.96396851e-04
6.90000000e+01 9.97978111e-04
5.5000000e+01 9.9953819e-04
4.10000000e+01 1.00147278e-03
5.70000000e+01 9.99210235e-04
4.30000000e+01 1.00132302e-03
9.40000000e+01 9.95258294e-04
8.00000000e+01 9.96715519e-04
8.10000000e+01 9.96563968e-04
9.50000000e+01 9.95184029e-04
4.20000000e+01 1.00141849e-03
5.60000000e+01 9.99364875e-04
5.20000000e+01 9.99899971e-04
4.60000000e+01 1.00085643e-03
9.10000000e+01 9.95463951e-04
8.50000000e+01 9.96000831e-04
8.40000000e+01 9.96180097e-04
9.00000000e+01 9.95543014e-04
4.70000000e+01 1.00073056e-03
5.30000000e+01 9.99886034e-04
7.90000000e+01 9.96869677e-04
4.50000000e+01 1.00101474e-03
5.10000000e+01 1.00001664e-03
8.6000000e+01 9.9586147e-04
9.20000000e+01 9.95396793e-04
9.30000000e+01 9.95374764e-04
8.70000000e+01 9.95809836e-04
5.00000000e+01 1.00018874e-03
4.4000000e+01 1.0011153e-03
7.80000000e+01 9.97025836e-04
