6.10000000e+01 4.38674635e-04
7.50000000e+01 4.38672509e-04
4.9000000e+01 4.3869937e-04
1.0000000e+02 4.3859505e-04
4.80000000e+01 4.38687305e-04
7.40000000e+01 4.38669174e-04
6.00000000e+01 4.38667873e-04
7.60000000e+01 4.38669252e-04
6.20000000e+01 4.38681994e-04
8.90000000e+01 4.38648939e-04
8.80000000e+01 4.38647299e-04
6.30000000e+01 4.38686423e-04
7.7000000e+01 4.3866833e-04
7.30000000e+01 4.38667005e-04
6.70000000e+01 4.38678068e-04
9.80000000e+01 4.38604239e-04
9.90000000e+01 4.38587395e-04
6.60000000e+01 4.38678277e-04
6.40000000e+01 4.38696193e-04
7.00000000e+01 4.38669917e-04
7.10000000e+01 4.38670696e-04
1.60000000e+01 4.38743214e-04
1.70000000e+01 4.38732262e-04
3.00000000e+00 4.38820273e-04
1.50000000e+01 4.38752008e-04
1.00000000e+00 4.38850343e-04
2.90000000e+01 4.38601983e-04
2.80000000e+01 4.38594921e-04
1.4000000e+01 4.3875299e-04
3.80000000e+01 4.38616817e-04
1.0000000e+01 4.3875147e-04
4.00000000e+00 4.38811104e-04
5.00000000e+00 4.38808789e-04
1.10000000e+01 4.38750836e-04
3.90000000e+01 4.38627609e-04
7.00000000e+00 4.38790422e-04
1.30000000e+01 4.38762363e-04
1.20000000e+01 4.38761991e-04
6.00000000e+00 4.38789396e-04
2.30000000e+01 4.38649908e-04
3.70000000e+01 4.38625789e-04
3.60000000e+01 4.38615744e-04
2.20000000e+01 4.38658488e-04
2.0000000e+01 4.3869874e-04
8.00000000e+00 4.38785239e-04
9.00000000e+00 4.38763351e-04
2.10000000e+01 4.38682469e-04
3.50000000e+01 4.38609939e-04
1.90000000e+01 4.38717252e-04
3.10000000e+01 4.38601056e-04
2.50000000e+01 4.38612787e-04
2.40000000e+01 4.38640827e-04
3.00000000e+01 4.38604829e-04
1.80000000e+01 4.38718807e-04
2.60000000e+01 4.38586442e-04
3.20000000e+01 4.38596049e-04
3.30000000e+01 4.38602251e-04
4.00000000e+01 4.38632441e-04
5.40000000e+01 4.38718659e-04
6.80000000e+01 4.38675606e-04
8.30000000e+01 4.38657111e-04
9.70000000e+01 4.38606136e-04
9.60000000e+01 4.38605262e-04
8.20000000e+01 4.38659027e-04
6.90000000e+01 4.38670534e-04
4.10000000e+01 4.38623837e-04
4.30000000e+01 4.38647544e-04
9.40000000e+01 4.38613766e-04
8.00000000e+01 4.38660246e-04
8.10000000e+01 4.38662079e-04
9.50000000e+01 4.38611476e-04
4.20000000e+01 4.38637381e-04
5.60000000e+01 4.38673623e-04
5.20000000e+01 4.38710996e-04
4.60000000e+01 4.38664102e-04
9.1000000e+01 4.3863048e-04
8.50000000e+01 4.38653157e-04
8.40000000e+01 4.38654013e-04
9.00000000e+01 4.38647823e-04
4.70000000e+01 4.38674403e-04
5.30000000e+01 4.38715698e-04
7.90000000e+01 4.38664374e-04
4.50000000e+01 4.38656198e-04
5.10000000e+01 4.38706604e-04
8.60000000e+01 4.38655133e-04
9.20000000e+01 4.38630554e-04
9.3000000e+01 4.3862284e-04
8.70000000e+01 4.38643253e-04
5.00000000e+01 4.38701947e-04
4.40000000e+01 4.38647126e-04
7.80000000e+01 4.38664244e-04
