2.50000000e+02 2.49323274e-05
3.00000000e+02 1.95269204e-02
3.50000000e+02 2.99498586e-01
400.           0.47892496
4.50000000e+02 2.42941753e-01
5.0000000e+02 4.4827778e-02
5.50000000e+02 3.87443581e-02
6.00000000e+02 9.18133967e-02
6.50000000e+02 1.88180126e-01
7.00000000e+02 3.32929769e-01
7.50000000e+02 3.34345684e-01
800.           0.99306324
8.5000000e+02 5.1146149e-01
9.00000000e+02 2.79255143e-01
9.50000000e+02 2.23763584e-01
1.00000000e+03 2.01169824e-01
1.05000000e+03 2.30753015e-01
1.1000000e+03 2.6625637e-01
1.15000000e+03 3.04738454e-01
1.20000000e+03 4.33355058e-01
