250.         1.032793
300.           4.46935924
350.           8.86506581
400.           4.02363746
450.           1.25269981
5.00000000e+02 1.24782339e-01
5.50000000e+02 7.30447775e-02
6.00000000e+02 1.32616527e-01
6.50000000e+02 2.33424079e-01
7.00000000e+02 3.58115371e-01
7.50000000e+02 3.26120561e-01
800.           0.95742146
8.50000000e+02 5.79170907e-01
9.00000000e+02 2.97879423e-01
9.50000000e+02 2.34581036e-01
1.00000000e+03 2.10741108e-01
1.05000000e+03 2.41014344e-01
1.10000000e+03 2.77213652e-01
1.15000000e+03 3.15904808e-01
1.20000000e+03 4.49130412e-01
