6.10000000e+01 9.32740882e-03
7.5000000e+01 9.3276715e-03
4.90000000e+01 9.32744146e-03
1.0000000e+02 9.3277096e-03
4.80000000e+01 9.32748601e-03
7.40000000e+01 9.32764515e-03
6.00000000e+01 9.32738232e-03
7.60000000e+01 9.32768469e-03
6.20000000e+01 9.32744727e-03
8.90000000e+01 9.32785041e-03
8.80000000e+01 9.32783981e-03
6.30000000e+01 9.32748234e-03
7.70000000e+01 9.32770166e-03
7.30000000e+01 9.32762204e-03
6.70000000e+01 9.32753537e-03
9.80000000e+01 9.32768596e-03
9.90000000e+01 9.32768837e-03
6.60000000e+01 9.32751065e-03
6.40000000e+01 9.32752072e-03
7.00000000e+01 9.32757362e-03
7.1000000e+01 9.3275897e-03
1.6000000e+01 9.3276007e-03
1.70000000e+01 9.32757614e-03
3.         0.00932814
1.50000000e+01 9.32774517e-03
1.         0.00932824
2.90000000e+01 9.32726406e-03
2.80000000e+01 9.32724568e-03
1.40000000e+01 9.32775022e-03
3.80000000e+01 9.32735103e-03
1.00000000e+01 9.32793221e-03
4.         0.00932804
5.         0.00932803
1.1000000e+01 9.3279387e-03
3.90000000e+01 9.32736978e-03
7.         0.00932802
1.30000000e+01 9.32786654e-03
1.20000000e+01 9.32794521e-03
6.         0.00932802
2.30000000e+01 9.32736686e-03
3.70000000e+01 9.32734273e-03
3.60000000e+01 9.32733452e-03
2.20000000e+01 9.32741171e-03
2.00000000e+01 9.32752139e-03
8.         0.00932795
9.         0.00932795
2.10000000e+01 9.32749855e-03
3.50000000e+01 9.32730892e-03
1.90000000e+01 9.32754878e-03
3.10000000e+01 9.32728761e-03
2.50000000e+01 9.32732991e-03
2.40000000e+01 9.32735527e-03
3.00000000e+01 9.32727938e-03
1.80000000e+01 9.32755553e-03
2.60000000e+01 9.32730695e-03
3.20000000e+01 9.32729329e-03
3.30000000e+01 9.32729543e-03
4.00000000e+01 9.32738196e-03
5.40000000e+01 9.32755994e-03
6.8000000e+01 9.3275438e-03
8.3000000e+01 9.3277879e-03
9.70000000e+01 9.32767056e-03
9.60000000e+01 9.32786124e-03
8.20000000e+01 9.32776601e-03
6.90000000e+01 9.32753966e-03
4.10000000e+01 9.32738667e-03
4.30000000e+01 9.32744026e-03
9.4000000e+01 9.3278568e-03
8.00000000e+01 9.32772511e-03
8.10000000e+01 9.32774011e-03
9.50000000e+01 9.32785756e-03
4.20000000e+01 9.32741579e-03
5.60000000e+01 9.32756467e-03
5.20000000e+01 9.32750268e-03
4.60000000e+01 9.32747559e-03
9.1000000e+01 9.3278494e-03
8.50000000e+01 9.32781144e-03
8.40000000e+01 9.32780189e-03
9.00000000e+01 9.32786008e-03
4.70000000e+01 9.32750083e-03
5.30000000e+01 9.32751805e-03
7.90000000e+01 9.32772115e-03
4.5000000e+01 9.3274587e-03
5.10000000e+01 9.32748285e-03
8.60000000e+01 9.32782011e-03
9.20000000e+01 9.32784843e-03
9.30000000e+01 9.32785067e-03
8.70000000e+01 9.32782284e-03
5.00000000e+01 9.32746216e-03
4.40000000e+01 9.32743176e-03
7.80000000e+01 9.32771423e-03
