6.10000000e+01 2.85488302e-02
7.50000000e+01 2.85446922e-02
4.90000000e+01 2.85525105e-02
1.00000000e+02 2.85391446e-02
4.80000000e+01 2.85529212e-02
7.40000000e+01 2.85450109e-02
6.00000000e+01 2.85491459e-02
7.60000000e+01 2.85443945e-02
6.20000000e+01 2.85484875e-02
8.90000000e+01 2.85419448e-02
8.80000000e+01 2.85421186e-02
6.30000000e+01 2.85481791e-02
7.70000000e+01 2.85440835e-02
7.30000000e+01 2.85453305e-02
6.70000000e+01 2.85471047e-02
9.80000000e+01 2.85395986e-02
9.90000000e+01 2.85393906e-02
6.60000000e+01 2.85474697e-02
7.20000000e+01 2.85455628e-02
5.80000000e+01 2.85498336e-02
6.40000000e+01 2.85478749e-02
7.00000000e+01 2.85462528e-02
7.10000000e+01 2.85459068e-02
6.50000000e+01 2.85477671e-02
5.90000000e+01 2.85494667e-02
2.        0.0285756
16.          0.02856655
3.        0.0285747
15.          0.02856727
1.         0.02857603
2.9000000e+01 2.8559856e-02
28.          0.02856035
14.         0.0285679
3.80000000e+01 2.85565101e-02
10.          0.02857004
4.         0.02857393
5.         0.02857334
11.          0.02856949
3.90000000e+01 2.85563537e-02
7.         0.02857188
12.          0.02856883
6.         0.02857255
23.          0.02856272
3.70000000e+01 2.85569478e-02
3.60000000e+01 2.85574067e-02
22.          0.02856325
3.40000000e+01 2.85579889e-02
20.          0.02856438
8.         0.02857125
9.        0.0285707
21.          0.02856382
3.50000000e+01 2.85578317e-02
19.         0.0285648
3.10000000e+01 2.85590166e-02
25.          0.02856171
3.00000000e+01 2.85593924e-02
18.          0.02856541
3.20000000e+01 2.85585968e-02
3.30000000e+01 2.85583977e-02
4.00000000e+01 2.85559341e-02
5.40000000e+01 2.85512006e-02
6.80000000e+01 2.85468279e-02
8.3000000e+01 2.8542288e-02
9.70000000e+01 2.85398414e-02
9.60000000e+01 2.85401022e-02
8.20000000e+01 2.85425841e-02
6.90000000e+01 2.85465623e-02
5.50000000e+01 2.85508252e-02
4.10000000e+01 2.85556691e-02
4.30000000e+01 2.85549224e-02
9.40000000e+01 2.85406086e-02
8.00000000e+01 2.85431888e-02
8.10000000e+01 2.85428858e-02
9.50000000e+01 2.85403807e-02
5.60000000e+01 2.85505358e-02
5.20000000e+01 2.85517343e-02
4.60000000e+01 2.85536932e-02
9.10000000e+01 2.85414172e-02
8.40000000e+01 2.85419792e-02
9.00000000e+01 2.85416577e-02
4.70000000e+01 2.85533106e-02
5.30000000e+01 2.85515373e-02
7.90000000e+01 2.85434928e-02
4.50000000e+01 2.85540711e-02
5.10000000e+01 2.85520215e-02
8.60000000e+01 2.85427058e-02
9.20000000e+01 2.85411708e-02
9.30000000e+01 2.85408927e-02
8.70000000e+01 2.85424146e-02
5.00000000e+01 2.85524281e-02
7.8000000e+01 2.8543799e-02
