6.10000000e+01 5.31768354e-04
7.50000000e+01 5.21383762e-04
4.90000000e+01 5.35218003e-04
1.00000000e+02 5.01413903e-04
4.80000000e+01 5.35305701e-04
7.4000000e+01 5.2252834e-04
6.00000000e+01 5.32178995e-04
7.600000e+01 5.202498e-04
6.20000000e+01 5.31315602e-04
8.90000000e+01 5.08329598e-04
8.80000000e+01 5.09065596e-04
6.3000000e+01 5.3084067e-04
7.70000000e+01 5.19125508e-04
7.30000000e+01 5.23579244e-04
6.70000000e+01 5.28555872e-04
9.80000000e+01 5.02515565e-04
9.90000000e+01 5.01974822e-04
7.20000000e+01 5.24502601e-04
5.80000000e+01 5.33000085e-04
6.40000000e+01 5.30337912e-04
7.00000000e+01 5.26234427e-04
7.10000000e+01 5.25393661e-04
6.50000000e+01 5.29644201e-04
5.90000000e+01 5.32578175e-04
2.00000000e+00 5.07538045e-04
1.60000000e+01 5.21798981e-04
1.70000000e+01 5.23447837e-04
3.00000000e+00 5.08355958e-04
1.50000000e+01 5.20363072e-04
1.00000000e+00 5.06777607e-04
2.90000000e+01 5.34663008e-04
2.8000000e+01 5.3434947e-04
1.40000000e+01 5.19076343e-04
3.80000000e+01 5.35873013e-04
1.00000000e+01 5.14574262e-04
4.00000000e+00 5.09192097e-04
5.00000000e+00 5.10037605e-04
1.1000000e+01 5.1560982e-04
3.90000000e+01 5.35790011e-04
7.00000000e+00 5.11851295e-04
1.30000000e+01 5.17873838e-04
1.20000000e+01 5.16712852e-04
6.00000000e+00 5.10932943e-04
2.30000000e+01 5.32116503e-04
3.70000000e+01 5.35852674e-04
3.6000000e+01 5.3576986e-04
2.20000000e+01 5.31174602e-04
3.40000000e+01 5.35528073e-04
2.0000000e+01 5.2902266e-04
8.00000000e+00 5.12753161e-04
9.00000000e+00 5.13564931e-04
2.10000000e+01 5.30213857e-04
3.5000000e+01 5.3565925e-04
1.90000000e+01 5.27653755e-04
3.10000000e+01 5.35109566e-04
2.50000000e+01 5.33186302e-04
2.40000000e+01 5.32802827e-04
3.00000000e+01 5.34913291e-04
1.80000000e+01 5.25663921e-04
2.60000000e+01 5.33551059e-04
3.20000000e+01 5.35285795e-04
3.30000000e+01 5.35414141e-04
2.70000000e+01 5.33953018e-04
4.00000000e+01 5.35639339e-04
5.40000000e+01 5.34189863e-04
6.80000000e+01 5.27947992e-04
8.3000000e+01 5.1305619e-04
9.70000000e+01 5.03085281e-04
9.60000000e+01 5.03679104e-04
8.20000000e+01 5.13941607e-04
6.90000000e+01 5.27150467e-04
5.5000000e+01 5.3389602e-04
4.10000000e+01 5.35618935e-04
5.700000e+01 5.333253e-04
4.30000000e+01 5.35547906e-04
9.4000000e+01 5.0489924e-04
8.00000000e+01 5.15828198e-04
8.10000000e+01 5.14851552e-04
9.50000000e+01 5.04279187e-04
4.20000000e+01 5.35602849e-04
5.60000000e+01 5.33617798e-04
5.20000000e+01 5.34718941e-04
4.60000000e+01 5.35481543e-04
9.10000000e+01 5.06891041e-04
8.50000000e+01 5.11394081e-04
8.40000000e+01 5.12203782e-04
9.00000000e+01 5.07604847e-04
4.70000000e+01 5.35376253e-04
5.30000000e+01 5.34488157e-04
7.90000000e+01 5.16929338e-04
4.50000000e+01 5.35475582e-04
5.1000000e+01 5.3487936e-04
8.60000000e+01 5.10591345e-04
9.20000000e+01 5.06215893e-04
9.30000000e+01 5.05539914e-04
8.70000000e+01 5.09818017e-04
5.00000000e+01 5.35072129e-04
4.40000000e+01 5.35499632e-04
7.80000000e+01 5.18004108e-04
