250.           0.27756015
300.           0.99081681
350.         1.983885
400.         2.566537
450.          1.2737757
5.00000000e+02 1.88002003e-01
5.50000000e+02 5.71004801e-02
6.00000000e+02 4.12415405e-02
6.50000000e+02 3.84609363e-02
7.00000000e+02 3.31561403e-02
7.50000000e+02 1.59658316e-02
8.00000000e+02 6.95741979e-03
8.50000000e+02 4.43116679e-03
9.00000000e+02 3.33856988e-03
9.50000000e+02 4.39165838e-03
1.00000000e+03 4.73859349e-03
1.0500000e+03 5.4654727e-03
1.10000000e+03 6.53944092e-03
1.15000000e+03 9.00949541e-03
1.20000000e+03 1.33097522e-02
