2.50000000e+02 8.95371189e-04
3.00000000e+02 2.63093996e-02
3.50000000e+02 1.74357329e-01
400.           0.85064284
450.           0.69964612
5.00000000e+02 7.84399928e-02
5.50000000e+02 2.55066173e-02
6.0000000e+02 1.8599137e-02
6.50000000e+02 1.74008322e-02
7.00000000e+02 1.50254846e-02
7.50000000e+02 7.26974188e-03
8.00000000e+02 3.17286536e-03
8.50000000e+02 2.03453803e-03
9.00000000e+02 1.53002039e-03
9.50000000e+02 2.02972499e-03
1.00000000e+03 2.15626793e-03
1.05000000e+03 2.48367346e-03
1.10000000e+03 3.03073249e-03
1.15000000e+03 4.26249771e-03
1.20000000e+03 6.30578928e-03
