# Altitude  Density [obj/km^3] of obj. larger than     0.100 m                  
  150.1400   0.4404779E-10  0.3002730E-10  0.5806828E-10
  200.1400   0.1646569E-09  0.1413300E-09  0.1879839E-09
  250.1400   0.2729496E-09  0.2055230E-09  0.3403762E-09
  300.1400   0.6788903E-09  0.5543760E-09  0.8034046E-09
  350.1400   0.1535079E-08  0.1300105E-08  0.1770053E-08
  400.1400   0.2603170E-08  0.1956093E-08  0.3250247E-08
  450.1400   0.5743830E-08  0.4705739E-08  0.6781921E-08
  500.1400   0.1061456E-07  0.8544567E-08  0.1268455E-07
  550.1400   0.1630900E-07  0.1311252E-07  0.1950547E-07
  600.1400   0.2486867E-07  0.2082565E-07  0.2891170E-07
  650.1400   0.3038603E-07  0.2646004E-07  0.3431202E-07
  700.1400   0.4098560E-07  0.3559474E-07  0.4637646E-07
  750.1400   0.5647571E-07  0.4928782E-07  0.6366361E-07
  800.1400   0.5724660E-07  0.4899266E-07  0.6550053E-07
  850.1400   0.5109903E-07  0.4456398E-07  0.5763407E-07
  900.1400   0.3511096E-07  0.2870825E-07  0.4151367E-07
  950.1400   0.3156124E-07  0.2314286E-07  0.3997961E-07
 1000.1400   0.1841466E-07  0.1403769E-07  0.2279162E-07
 1050.1400   0.1459370E-07  0.1177374E-07  0.1741366E-07
 1100.1400   0.1041792E-07  0.8234206E-08  0.1260163E-07
 1150.1400   0.8400715E-08  0.6573580E-08  0.1022785E-07
 1200.1400   0.6608565E-08  0.5219328E-08  0.7997802E-08
 1250.1400   0.5936650E-08  0.4761011E-08  0.7112290E-08
 1300.1400   0.6317248E-08  0.5242961E-08  0.7391536E-08
 1350.1400   0.8432900E-08  0.7360812E-08  0.9504988E-08
 1400.1400   0.1633973E-07  0.1507384E-07  0.1760562E-07
 1450.1400   0.1874842E-07  0.1693728E-07  0.2055956E-07
 1500.1400   0.1062563E-07  0.9168269E-08  0.1208300E-07
 1550.1400   0.6051438E-08  0.4723028E-08  0.7379847E-08
 1600.1400   0.5233714E-08  0.4479500E-08  0.5987927E-08
 1650.1400   0.5615802E-08  0.5091294E-08  0.6140310E-08
 1700.1400   0.4496594E-08  0.4074292E-08  0.4918896E-08
 1750.1400   0.2789569E-08  0.2444332E-08  0.3134806E-08
 1800.1400   0.2368325E-08  0.2069891E-08  0.2666760E-08
 1850.1400   0.2574934E-08  0.2305646E-08  0.2844222E-08
 1900.1400   0.2038397E-08  0.1801592E-08  0.2275202E-08
 1950.1400   0.2035314E-08  0.1821540E-08  0.2249088E-08
 2000.1400   0.2254443E-08  0.2052085E-08  0.2456801E-08
 2050.1400   0.1600390E-08  0.1414911E-08  0.1785869E-08
 2100.1400   0.1156511E-08  0.9869642E-09  0.1326058E-08
 2150.1400   0.9375997E-09  0.7802729E-09  0.1094926E-08
 2200.1400   0.7932334E-09  0.6464771E-09  0.9399897E-09
 2250.1400   0.7332064E-09  0.5954659E-09  0.8709469E-09
 2300.1400   0.5899768E-09  0.4546146E-09  0.7253390E-09
 2350.1400   0.5269412E-09  0.3964459E-09  0.6574365E-09
 2400.1400   0.4679319E-09  0.3398774E-09  0.5959863E-09
 2450.1400   0.4175303E-09  0.2898874E-09  0.5451731E-09
 2500.1400   0.3996676E-09  0.2769337E-09  0.5224014E-09
 2550.1400   0.3869712E-09  0.2674194E-09  0.5065230E-09
 2600.1400   0.3670460E-09  0.2523229E-09  0.4817692E-09
 2650.1400   0.3452950E-09  0.2431128E-09  0.4474772E-09
 2700.1400   0.3006690E-09  0.2107042E-09  0.3906338E-09
 2750.1400   0.2868312E-09  0.2055689E-09  0.3680934E-09
 2800.1400   0.2814698E-09  0.2071880E-09  0.3557516E-09
 2850.1400   0.2795885E-09  0.2104412E-09  0.3487357E-09
 2900.1400   0.2646575E-09  0.2016848E-09  0.3276301E-09
 2950.1400   0.2490719E-09  0.1880217E-09  0.3101221E-09
 3000.1400   0.2261039E-09  0.1688498E-09  0.2833579E-09
 3050.1400   0.2228039E-09  0.1665710E-09  0.2790368E-09
 3100.1400   0.2216044E-09  0.1688678E-09  0.2743411E-09
 3150.1400   0.2148178E-09  0.1645226E-09  0.2651129E-09
 3200.1400   0.2089731E-09  0.1612155E-09  0.2567306E-09
 3250.1400   0.2123722E-09  0.1651145E-09  0.2596298E-09
 3300.1400   0.2041763E-09  0.1591551E-09  0.2491975E-09
 3350.1400   0.2062743E-09  0.1612473E-09  0.2513012E-09
 3400.1400   0.2015230E-09  0.1575163E-09  0.2455298E-09
 3450.1400   0.1995547E-09  0.1571252E-09  0.2419841E-09
 3500.1400   0.1987795E-09  0.1568432E-09  0.2407157E-09
 3550.1400   0.1907751E-09  0.1488347E-09  0.2327156E-09
 3600.1400   0.1848829E-09  0.1426994E-09  0.2270664E-09
 3650.1400   0.1765224E-09  0.1355695E-09  0.2174753E-09
 3700.1400   0.1749046E-09  0.1351631E-09  0.2146461E-09
 3750.1400   0.1705386E-09  0.1308786E-09  0.2101986E-09
 3800.1400   0.1655524E-09  0.1254372E-09  0.2056676E-09
 3850.1400   0.1616501E-09  0.1243900E-09  0.1989102E-09
 3900.1400   0.1559815E-09  0.1224245E-09  0.1895386E-09
 3950.1400   0.1539748E-09  0.1257607E-09  0.1821888E-09
 4000.1400   0.1530087E-09  0.1255047E-09  0.1805128E-09
 4050.1400   0.1485752E-09  0.1246872E-09  0.1724633E-09
 4100.1400   0.1440222E-09  0.1212121E-09  0.1668322E-09
 4150.1400   0.1450085E-09  0.1238689E-09  0.1661482E-09
 4200.1400   0.1443008E-09  0.1244151E-09  0.1641865E-09
 4250.1400   0.1400346E-09  0.1214267E-09  0.1586424E-09
 4300.1400   0.1358743E-09  0.1181334E-09  0.1536152E-09
 4350.1400   0.1356872E-09  0.1189318E-09  0.1524427E-09
 4400.1400   0.1351279E-09  0.1190861E-09  0.1511698E-09
 4450.1400   0.1361517E-09  0.1213873E-09  0.1509161E-09
 4500.1400   0.1341387E-09  0.1200863E-09  0.1481910E-09
 4550.1400   0.1335210E-09  0.1199034E-09  0.1471386E-09
 4600.1400   0.1323125E-09  0.1192810E-09  0.1453439E-09
 4650.1400   0.1330191E-09  0.1210373E-09  0.1450009E-09
 4700.1400   0.1292355E-09  0.1171492E-09  0.1413218E-09
 4750.1400   0.1306523E-09  0.1191242E-09  0.1421805E-09
 4800.1400   0.1227359E-09  0.1116538E-09  0.1338180E-09
 4850.1400   0.1203653E-09  0.1093687E-09  0.1313619E-09
 4900.1400   0.1178203E-09  0.1068853E-09  0.1287552E-09
 4950.1400   0.1194463E-09  0.1093163E-09  0.1295763E-09
 5000.1400   0.1185634E-09  0.1084326E-09  0.1286942E-09
 5050.1400   0.1182332E-09  0.1085612E-09  0.1279051E-09
 5100.1400   0.1181725E-09  0.1087076E-09  0.1276373E-09
 5150.1400   0.1157021E-09  0.1067266E-09  0.1246775E-09
 5200.1400   0.1169008E-09  0.1083793E-09  0.1254222E-09
 5250.1400   0.1170658E-09  0.1089110E-09  0.1252205E-09
 5300.1400   0.1184262E-09  0.1099171E-09  0.1269353E-09
 5350.1400   0.1195982E-09  0.1119273E-09  0.1272690E-09
 5400.1400   0.1218125E-09  0.1144298E-09  0.1291952E-09
 5450.1400   0.1261413E-09  0.1189427E-09  0.1333399E-09
 5500.1400   0.1290410E-09  0.1217773E-09  0.1363046E-09
 5550.1400   0.1359949E-09  0.1287643E-09  0.1432254E-09
 5600.1400   0.1455329E-09  0.1385356E-09  0.1525303E-09
 5650.1400   0.1729679E-09  0.1661459E-09  0.1797899E-09
 5700.1400   0.1430713E-09  0.1361168E-09  0.1500258E-09
 5750.1400   0.1219340E-09  0.1154089E-09  0.1284592E-09
 5800.1400   0.8291557E-10  0.7680931E-10  0.8902182E-10
 5850.1400   0.8092387E-10  0.7482488E-10  0.8702287E-10
 5900.1400   0.7926901E-10  0.7336204E-10  0.8517599E-10
 5950.1400   0.7665692E-10  0.7080272E-10  0.8251111E-10
 6000.1400   0.7387597E-10  0.6799528E-10  0.7975667E-10
 6050.1400   0.7324921E-10  0.6755415E-10  0.7894427E-10
 6100.1400   0.7403332E-10  0.6853375E-10  0.7953289E-10
 6150.1400   0.7296726E-10  0.6770297E-10  0.7823156E-10
 6200.1400   0.7225263E-10  0.6713491E-10  0.7737035E-10
 6250.1400   0.7384330E-10  0.6887345E-10  0.7881315E-10
 6300.1400   0.7348552E-10  0.6850247E-10  0.7846856E-10
 6350.1400   0.7072434E-10  0.6584946E-10  0.7559922E-10
 6400.1400   0.7069025E-10  0.6596332E-10  0.7541718E-10
 6450.1400   0.6979824E-10  0.6533863E-10  0.7425785E-10
 6500.1400   0.7111085E-10  0.6657588E-10  0.7564582E-10
 6550.1400   0.7206318E-10  0.6750558E-10  0.7662078E-10
 6600.1400   0.7199612E-10  0.6770385E-10  0.7628840E-10
 6650.1400   0.7072828E-10  0.6648240E-10  0.7497415E-10
 6700.1400   0.6404711E-10  0.5977041E-10  0.6832382E-10
 6750.1400   0.6288240E-10  0.5879885E-10  0.6696594E-10
 6800.1400   0.6314141E-10  0.5895854E-10  0.6732429E-10
 6850.1400   0.6206446E-10  0.5785658E-10  0.6627234E-10
 6900.1400   0.6107497E-10  0.5686130E-10  0.6528864E-10
 6950.1400   0.5894001E-10  0.5491491E-10  0.6296512E-10
 7000.1400   0.5982545E-10  0.5578273E-10  0.6386817E-10
 7050.1400   0.6013068E-10  0.5630449E-10  0.6395686E-10
 7100.1400   0.5851962E-10  0.5452061E-10  0.6251863E-10
 7150.1400   0.5774167E-10  0.5413150E-10  0.6135183E-10
 7200.1400   0.5648269E-10  0.5292524E-10  0.6004013E-10
 7250.1400   0.5763596E-10  0.5406156E-10  0.6121036E-10
 7300.1400   0.5717118E-10  0.5351299E-10  0.6082938E-10
 7350.1400   0.5720498E-10  0.5357442E-10  0.6083553E-10
 7400.1400   0.5744587E-10  0.5390583E-10  0.6098592E-10
 7450.1400   0.5559385E-10  0.5203215E-10  0.5915555E-10
 7500.1400   0.5584725E-10  0.5233283E-10  0.5936166E-10
 7550.1400   0.5770061E-10  0.5416298E-10  0.6123823E-10
 7600.1400   0.5758539E-10  0.5426513E-10  0.6090565E-10
 7650.1400   0.5598371E-10  0.5268293E-10  0.5928450E-10
 7700.1400   0.5657035E-10  0.5326549E-10  0.5987521E-10
 7750.1400   0.5633989E-10  0.5306075E-10  0.5961903E-10
 7800.1400   0.5825966E-10  0.5514379E-10  0.6137553E-10
 7850.1400   0.5890920E-10  0.5589242E-10  0.6192599E-10
 7900.1400   0.5667436E-10  0.5369255E-10  0.5965618E-10
 7950.1400   0.5513101E-10  0.5231819E-10  0.5794383E-10
 8000.1400   0.5584730E-10  0.5298934E-10  0.5870527E-10
 8050.1400   0.5354872E-10  0.5066178E-10  0.5643567E-10
 8100.1400   0.5015276E-10  0.4724793E-10  0.5305759E-10
 8150.1400   0.4539946E-10  0.4251675E-10  0.4828218E-10
 8200.1400   0.4269091E-10  0.3955256E-10  0.4582927E-10
 8250.1400   0.4345123E-10  0.4045204E-10  0.4645042E-10
 8300.1400   0.4240479E-10  0.3948605E-10  0.4532352E-10
 8350.1400   0.4225328E-10  0.3930992E-10  0.4519664E-10
 8400.1400   0.4258325E-10  0.3974586E-10  0.4542064E-10
 8450.1400   0.4228582E-10  0.3952964E-10  0.4504200E-10
 8500.1400   0.4071134E-10  0.3805546E-10  0.4336723E-10
 8550.1400   0.4032977E-10  0.3773087E-10  0.4292867E-10
 8600.1400   0.4026078E-10  0.3779486E-10  0.4272671E-10
 8650.1400   0.4034807E-10  0.3783391E-10  0.4286224E-10
 8700.1400   0.4031112E-10  0.3777524E-10  0.4284700E-10
 8750.1400   0.3974993E-10  0.3724294E-10  0.4225691E-10
 8800.1400   0.3914358E-10  0.3672159E-10  0.4156556E-10
 8850.1400   0.3857152E-10  0.3618506E-10  0.4095798E-10
 8900.1400   0.3883688E-10  0.3644878E-10  0.4122498E-10
 8950.1400   0.3894150E-10  0.3653901E-10  0.4134400E-10
 9000.1400   0.3844938E-10  0.3605001E-10  0.4084875E-10
 9050.1400   0.3881611E-10  0.3658767E-10  0.4104455E-10
 9100.1400   0.3896231E-10  0.3671136E-10  0.4121325E-10
 9150.1400   0.3755461E-10  0.3523440E-10  0.3987482E-10
 9200.1400   0.3745666E-10  0.3506403E-10  0.3984929E-10
 9250.1400   0.3701879E-10  0.3463902E-10  0.3939855E-10
 9300.1400   0.3712316E-10  0.3489588E-10  0.3935044E-10
 9350.1400   0.3708618E-10  0.3487401E-10  0.3929835E-10
 9400.1400   0.3708695E-10  0.3498102E-10  0.3919288E-10
 9450.1400   0.3664328E-10  0.3452290E-10  0.3876366E-10
 9500.1400   0.3706148E-10  0.3486821E-10  0.3925475E-10
 9550.1400   0.3727044E-10  0.3516441E-10  0.3937646E-10
 9600.1400   0.3756320E-10  0.3546857E-10  0.3965784E-10
 9650.1400   0.3774870E-10  0.3563613E-10  0.3986127E-10
 9700.1400   0.3739850E-10  0.3537273E-10  0.3942428E-10
 9750.1400   0.3759321E-10  0.3545102E-10  0.3973540E-10
 9800.1400   0.3701692E-10  0.3500772E-10  0.3902612E-10
 9850.1400   0.3663834E-10  0.3469885E-10  0.3857783E-10
 9900.1400   0.3685568E-10  0.3500081E-10  0.3871055E-10
 9950.1400   0.3721842E-10  0.3531954E-10  0.3911730E-10
10000.1400   0.3693564E-10  0.3501703E-10  0.3885425E-10
10050.1400   0.3633776E-10  0.3440315E-10  0.3827237E-10
10100.1400   0.3733610E-10  0.3543877E-10  0.3923344E-10
10150.1400   0.3641330E-10  0.3474442E-10  0.3808217E-10
10200.1400   0.3627139E-10  0.3459168E-10  0.3795110E-10
10250.1400   0.3612913E-10  0.3440269E-10  0.3785557E-10
10300.1400   0.3595501E-10  0.3424805E-10  0.3766197E-10
10350.1400   0.3607695E-10  0.3435837E-10  0.3779553E-10
10400.1400   0.3580100E-10  0.3431839E-10  0.3728362E-10
10450.1400   0.3493993E-10  0.3338159E-10  0.3649826E-10
10500.1400   0.3510449E-10  0.3352260E-10  0.3668638E-10
10550.1400   0.3566763E-10  0.3397618E-10  0.3735907E-10
10600.1400   0.3600114E-10  0.3426478E-10  0.3773750E-10
10650.1400   0.3560434E-10  0.3397925E-10  0.3722942E-10
10700.1400   0.3507211E-10  0.3346702E-10  0.3667719E-10
10750.1400   0.3578005E-10  0.3430204E-10  0.3725806E-10
10800.1400   0.3443260E-10  0.3307305E-10  0.3579216E-10
10850.1400   0.3486458E-10  0.3349251E-10  0.3623664E-10
10900.1400   0.3477253E-10  0.3343971E-10  0.3610535E-10
10950.1400   0.3478447E-10  0.3342003E-10  0.3614890E-10
11000.1400   0.3415914E-10  0.3281605E-10  0.3550222E-10
11050.1400   0.3407359E-10  0.3279739E-10  0.3534980E-10
11100.1400   0.3443532E-10  0.3320070E-10  0.3566994E-10
11150.1400   0.3532625E-10  0.3422011E-10  0.3643239E-10
11200.1400   0.3511569E-10  0.3398422E-10  0.3624715E-10
11250.1400   0.3506856E-10  0.3386842E-10  0.3626870E-10
11300.1400   0.3486420E-10  0.3364987E-10  0.3607854E-10
11350.1400   0.3437436E-10  0.3333657E-10  0.3541215E-10
11400.1400   0.3371074E-10  0.3266388E-10  0.3475759E-10
11450.1400   0.3384825E-10  0.3290976E-10  0.3478674E-10
11500.1400   0.3364696E-10  0.3266457E-10  0.3462936E-10
11550.1400   0.3300818E-10  0.3222525E-10  0.3379110E-10
11600.1400   0.3333402E-10  0.3254428E-10  0.3412376E-10
11650.1400   0.3409342E-10  0.3327585E-10  0.3491098E-10
11700.1400   0.3403409E-10  0.3316687E-10  0.3490131E-10
11750.1400   0.3367012E-10  0.3280033E-10  0.3453991E-10
11800.1400   0.3366691E-10  0.3278360E-10  0.3455023E-10
11850.1400   0.3290425E-10  0.3203927E-10  0.3376924E-10
11900.1400   0.3314158E-10  0.3235558E-10  0.3392758E-10
11950.1400   0.3272589E-10  0.3190150E-10  0.3355027E-10
12000.1400   0.3329461E-10  0.3247453E-10  0.3411468E-10
12050.1400   0.3327226E-10  0.3247758E-10  0.3406693E-10
12100.1400   0.3232639E-10  0.3155592E-10  0.3309685E-10
12150.1400   0.3261535E-10  0.3186941E-10  0.3336128E-10
12200.1400   0.3301145E-10  0.3224877E-10  0.3377414E-10
12250.1400   0.3229156E-10  0.3153247E-10  0.3305066E-10
12300.1400   0.3329193E-10  0.3247301E-10  0.3411084E-10
12350.1400   0.3383477E-10  0.3303035E-10  0.3463919E-10
12400.1400   0.3386470E-10  0.3303740E-10  0.3469200E-10
12450.1400   0.3393758E-10  0.3320089E-10  0.3467428E-10
12500.1400   0.3438695E-10  0.3364965E-10  0.3512425E-10
12550.1400   0.3360312E-10  0.3289913E-10  0.3430711E-10
12600.1400   0.3372730E-10  0.3309594E-10  0.3435866E-10
12650.1400   0.3436947E-10  0.3366128E-10  0.3507767E-10
12700.1400   0.3433242E-10  0.3370609E-10  0.3495875E-10
12750.1400   0.3518489E-10  0.3457855E-10  0.3579124E-10
12800.1400   0.3530145E-10  0.3467529E-10  0.3592762E-10
12850.1400   0.3541224E-10  0.3475752E-10  0.3606695E-10
12900.1400   0.3552838E-10  0.3496733E-10  0.3608943E-10
12950.1400   0.3560788E-10  0.3507462E-10  0.3614114E-10
13000.1400   0.3521334E-10  0.3463604E-10  0.3579065E-10
13050.1400   0.3548220E-10  0.3497970E-10  0.3598469E-10
13100.1400   0.3445402E-10  0.3399823E-10  0.3490981E-10
13150.1400   0.3441645E-10  0.3397685E-10  0.3485605E-10
13200.1400   0.3341713E-10  0.3297918E-10  0.3385508E-10
13250.1400   0.3328417E-10  0.3286490E-10  0.3370345E-10
13300.1400   0.3368367E-10  0.3329170E-10  0.3407564E-10
13350.1400   0.3292594E-10  0.3251072E-10  0.3334116E-10
13400.1400   0.3327659E-10  0.3281563E-10  0.3373755E-10
13450.1400   0.3290610E-10  0.3250009E-10  0.3331211E-10
13500.1400   0.3335959E-10  0.3296867E-10  0.3375052E-10
13550.1400   0.3206474E-10  0.3171119E-10  0.3241830E-10
13600.1400   0.3182873E-10  0.3143042E-10  0.3222704E-10
13650.1400   0.3150827E-10  0.3117101E-10  0.3184552E-10
13700.1400   0.3135858E-10  0.3102467E-10  0.3169249E-10
13750.1400   0.3171109E-10  0.3136458E-10  0.3205760E-10
13800.1400   0.3045008E-10  0.3007366E-10  0.3082649E-10
13850.1400   0.3005511E-10  0.2968037E-10  0.3042986E-10
13900.1400   0.2902757E-10  0.2872175E-10  0.2933340E-10
13950.1400   0.2831018E-10  0.2802399E-10  0.2859638E-10
14000.1400   0.2861621E-10  0.2834911E-10  0.2888331E-10
14050.1400   0.2890361E-10  0.2861900E-10  0.2918822E-10
14100.1400   0.2887700E-10  0.2857275E-10  0.2918126E-10
14150.1400   0.2958346E-10  0.2929356E-10  0.2987335E-10
14200.1400   0.2915091E-10  0.2884034E-10  0.2946148E-10
14250.1400   0.2825810E-10  0.2797138E-10  0.2854483E-10
14300.1400   0.2778560E-10  0.2749645E-10  0.2807475E-10
14350.1400   0.2731378E-10  0.2701863E-10  0.2760893E-10
14400.1400   0.2516282E-10  0.2488163E-10  0.2544400E-10
14450.1400   0.2492866E-10  0.2466029E-10  0.2519704E-10
14500.1400   0.2420545E-10  0.2392143E-10  0.2448948E-10
14550.1400   0.2442199E-10  0.2415902E-10  0.2468496E-10
14600.1400   0.2469172E-10  0.2442883E-10  0.2495460E-10
14650.1400   0.2331747E-10  0.2305542E-10  0.2357952E-10
14700.1400   0.2250171E-10  0.2222833E-10  0.2277509E-10
14750.1400   0.2096338E-10  0.2070095E-10  0.2122580E-10
14800.1400   0.1833395E-10  0.1806870E-10  0.1859921E-10
14850.1400   0.1883245E-10  0.1856723E-10  0.1909766E-10
14900.1400   0.1810328E-10  0.1783939E-10  0.1836716E-10
14950.1400   0.1701284E-10  0.1677974E-10  0.1724595E-10
15000.1400   0.1596780E-10  0.1572242E-10  0.1621317E-10
15050.1400   0.1617235E-10  0.1591122E-10  0.1643348E-10
15100.1400   0.1608111E-10  0.1583519E-10  0.1632702E-10
15150.1400   0.1564583E-10  0.1542021E-10  0.1587146E-10
15200.1400   0.1479533E-10  0.1455911E-10  0.1503156E-10
15250.1400   0.1396814E-10  0.1373689E-10  0.1419939E-10
15300.1400   0.1319306E-10  0.1297342E-10  0.1341269E-10
15350.1400   0.1413845E-10  0.1390357E-10  0.1437333E-10
15400.1400   0.1264046E-10  0.1242470E-10  0.1285622E-10
15450.1400   0.1140771E-10  0.1116764E-10  0.1164777E-10
15500.1400   0.1141432E-10  0.1121024E-10  0.1161840E-10
15550.1400   0.1146915E-10  0.1128315E-10  0.1165515E-10
15600.1400   0.1158493E-10  0.1139150E-10  0.1177836E-10
15650.1400   0.1182397E-10  0.1162962E-10  0.1201831E-10
15700.1400   0.1212966E-10  0.1192142E-10  0.1233790E-10
15750.1400   0.1235006E-10  0.1215082E-10  0.1254931E-10
15800.1400   0.1188377E-10  0.1167079E-10  0.1209675E-10
15850.1400   0.1129518E-10  0.1112036E-10  0.1147000E-10
15900.1400   0.1120099E-10  0.1104554E-10  0.1135644E-10
15950.1400   0.1142497E-10  0.1126156E-10  0.1158837E-10
16000.1400   0.1119821E-10  0.1103747E-10  0.1135896E-10
16050.1400   0.1132423E-10  0.1114950E-10  0.1149897E-10
16100.1400   0.1110087E-10  0.1091330E-10  0.1128843E-10
16150.1400   0.1067233E-10  0.1050282E-10  0.1084184E-10
16200.1400   0.1037810E-10  0.1021005E-10  0.1054615E-10
16250.1400   0.1028613E-10  0.1011479E-10  0.1045747E-10
16300.1400   0.1073373E-10  0.1056638E-10  0.1090108E-10
16350.1400   0.1014515E-10  0.9983661E-11  0.1030664E-10
16400.1400   0.1010334E-10  0.9941600E-11  0.1026508E-10
16450.1400   0.1018154E-10  0.1002256E-10  0.1034052E-10
16500.1400   0.9861946E-11  0.9693770E-11  0.1003012E-10
16550.1400   0.9649019E-11  0.9480252E-11  0.9817786E-11
16600.1400   0.9741145E-11  0.9590289E-11  0.9892002E-11
16650.1400   0.9947885E-11  0.9790286E-11  0.1010548E-10
16700.1400   0.1045364E-10  0.1030024E-10  0.1060704E-10
16750.1400   0.1005617E-10  0.9905213E-11  0.1020712E-10
16800.1400   0.9628972E-11  0.9481757E-11  0.9776187E-11
16850.1400   0.1001284E-10  0.9883217E-11  0.1014246E-10
16900.1400   0.9337311E-11  0.9176395E-11  0.9498227E-11
16950.1400   0.9001188E-11  0.8861866E-11  0.9140510E-11
17000.1400   0.9401025E-11  0.9248725E-11  0.9553324E-11
17050.1400   0.8960249E-11  0.8816170E-11  0.9104328E-11
17100.1400   0.9223645E-11  0.9070359E-11  0.9376930E-11
17150.1400   0.9183030E-11  0.9059397E-11  0.9306663E-11
17200.1400   0.9074242E-11  0.8956449E-11  0.9192034E-11
17250.1400   0.9378663E-11  0.9250392E-11  0.9506934E-11
17300.1400   0.9342512E-11  0.9223994E-11  0.9461030E-11
17350.1400   0.9679366E-11  0.9555371E-11  0.9803361E-11
17400.1400   0.1004159E-10  0.9937935E-11  0.1014525E-10
17450.1400   0.9747291E-11  0.9640638E-11  0.9853944E-11
17500.1400   0.8600162E-11  0.8486227E-11  0.8714096E-11
17550.1400   0.8661257E-11  0.8545646E-11  0.8776868E-11
17600.1400   0.8342168E-11  0.8222096E-11  0.8462239E-11
17650.1400   0.8451613E-11  0.8339134E-11  0.8564092E-11
17700.1400   0.8359205E-11  0.8246213E-11  0.8472198E-11
17750.1400   0.8355696E-11  0.8238936E-11  0.8472457E-11
17800.1400   0.8537997E-11  0.8424939E-11  0.8651055E-11
17850.1400   0.8066668E-11  0.7963854E-11  0.8169482E-11
17900.1400   0.8281234E-11  0.8180202E-11  0.8382266E-11
17950.1400   0.8311285E-11  0.8207610E-11  0.8414961E-11
18000.1400   0.8218567E-11  0.8108937E-11  0.8328197E-11
18050.1400   0.8331212E-11  0.8217395E-11  0.8445029E-11
18100.1400   0.7492875E-11  0.7375680E-11  0.7610070E-11
18150.1400   0.6888959E-11  0.6778208E-11  0.6999710E-11
18200.1400   0.7134221E-11  0.7035066E-11  0.7233377E-11
18250.1400   0.7356066E-11  0.7256203E-11  0.7455930E-11
18300.1400   0.6663765E-11  0.6563797E-11  0.6763734E-11
18350.1400   0.6524654E-11  0.6430000E-11  0.6619308E-11
18400.1400   0.6748798E-11  0.6649240E-11  0.6848355E-11
18450.1400   0.6914626E-11  0.6806593E-11  0.7022658E-11
18500.1400   0.7130274E-11  0.7019572E-11  0.7240976E-11
18550.1400   0.6979911E-11  0.6866349E-11  0.7093472E-11
18600.1400   0.7072771E-11  0.6949627E-11  0.7195915E-11
18650.1400   0.6776688E-11  0.6641993E-11  0.6911384E-11
18700.1400   0.6203339E-11  0.6071286E-11  0.6335391E-11
18750.1400   0.6081860E-11  0.5958946E-11  0.6204774E-11
18800.1400   0.5989124E-11  0.5870693E-11  0.6107555E-11
18850.1400   0.5465290E-11  0.5365734E-11  0.5564846E-11
18900.1400   0.5906783E-11  0.5805879E-11  0.6007688E-11
18950.1400   0.5635097E-11  0.5527778E-11  0.5742416E-11
19000.1400   0.5684063E-11  0.5572849E-11  0.5795278E-11
19050.1400   0.4974318E-11  0.4875029E-11  0.5073607E-11
19100.1400   0.4911589E-11  0.4803832E-11  0.5019345E-11
19150.1400   0.4648036E-11  0.4532198E-11  0.4763874E-11
19200.1400   0.4633662E-11  0.4543869E-11  0.4723456E-11
19250.1400   0.4759736E-11  0.4677985E-11  0.4841488E-11
19300.1400   0.4712900E-11  0.4622246E-11  0.4803554E-11
19350.1400   0.4633164E-11  0.4563012E-11  0.4703316E-11
19400.1400   0.4480706E-11  0.4407774E-11  0.4553638E-11
19450.1400   0.4603676E-11  0.4526457E-11  0.4680896E-11
19500.1400   0.4474022E-11  0.4397554E-11  0.4550490E-11
19550.1400   0.4435064E-11  0.4352756E-11  0.4517372E-11
19600.1400   0.4343999E-11  0.4259605E-11  0.4428392E-11
19650.1400   0.4280826E-11  0.4194471E-11  0.4367181E-11
19700.1400   0.4348544E-11  0.4263780E-11  0.4433309E-11
19750.1400   0.4255837E-11  0.4169691E-11  0.4341983E-11
19800.1400   0.4253459E-11  0.4164012E-11  0.4342906E-11
19850.1400   0.4352266E-11  0.4252866E-11  0.4451665E-11
19900.1400   0.4503234E-11  0.4398550E-11  0.4607917E-11
19950.1400   0.4442820E-11  0.4372704E-11  0.4512936E-11
20000.1400   0.4345455E-11  0.4268425E-11  0.4422485E-11
20050.1400   0.4221245E-11  0.4154570E-11  0.4287919E-11
20100.1400   0.4282793E-11  0.4219671E-11  0.4345915E-11
20150.1400   0.4298900E-11  0.4231955E-11  0.4365844E-11
20200.1400   0.4239280E-11  0.4171182E-11  0.4307378E-11
20250.1400   0.4336078E-11  0.4257791E-11  0.4414365E-11
20300.1400   0.4188602E-11  0.4108755E-11  0.4268448E-11
20350.1400   0.4250480E-11  0.4165191E-11  0.4335769E-11
20400.1400   0.4385357E-11  0.4293312E-11  0.4477403E-11
20450.1400   0.4189319E-11  0.4116118E-11  0.4262519E-11
20500.1400   0.4202820E-11  0.4127498E-11  0.4278141E-11
20550.1400   0.4199278E-11  0.4085127E-11  0.4313429E-11
20600.1400   0.4043723E-11  0.3972225E-11  0.4115222E-11
20650.1400   0.3996772E-11  0.3932049E-11  0.4061495E-11
20700.1400   0.3932628E-11  0.3863004E-11  0.4002252E-11
20750.1400   0.3976795E-11  0.3921766E-11  0.4031824E-11
20800.1400   0.3960328E-11  0.3890509E-11  0.4030147E-11
20850.1400   0.3963822E-11  0.3903648E-11  0.4023996E-11
20900.1400   0.3935175E-11  0.3871924E-11  0.3998426E-11
20950.1400   0.3896245E-11  0.3822064E-11  0.3970426E-11
21000.1400   0.3916612E-11  0.3850095E-11  0.3983130E-11
21050.1400   0.3783610E-11  0.3719108E-11  0.3848112E-11
21100.1400   0.3846783E-11  0.3773350E-11  0.3920216E-11
21150.1400   0.3828544E-11  0.3752822E-11  0.3904267E-11
21200.1400   0.3970185E-11  0.3879162E-11  0.4061207E-11
21250.1400   0.3885164E-11  0.3811048E-11  0.3959280E-11
21300.1400   0.3736659E-11  0.3680659E-11  0.3792659E-11
21350.1400   0.3745161E-11  0.3684217E-11  0.3806104E-11
21400.1400   0.3817098E-11  0.3756368E-11  0.3877827E-11
21450.1400   0.3870734E-11  0.3796213E-11  0.3945255E-11
21500.1400   0.3863170E-11  0.3801363E-11  0.3924977E-11
21550.1400   0.3758809E-11  0.3698192E-11  0.3819427E-11
21600.1400   0.3833184E-11  0.3773149E-11  0.3893219E-11
21650.1400   0.3861918E-11  0.3801302E-11  0.3922534E-11
21700.1400   0.3870556E-11  0.3796685E-11  0.3944428E-11
21750.1400   0.3791265E-11  0.3713835E-11  0.3868694E-11
21800.1400   0.3800937E-11  0.3712681E-11  0.3889192E-11
21850.1400   0.3819865E-11  0.3752359E-11  0.3887372E-11
21900.1400   0.3866107E-11  0.3806377E-11  0.3925836E-11
21950.1400   0.3772661E-11  0.3719507E-11  0.3825814E-11
22000.1400   0.3709717E-11  0.3654880E-11  0.3764553E-11
22050.1400   0.3775231E-11  0.3715594E-11  0.3834867E-11
22100.1400   0.3629404E-11  0.3562181E-11  0.3696627E-11
22150.1400   0.3726356E-11  0.3680300E-11  0.3772413E-11
22200.1400   0.3611817E-11  0.3562866E-11  0.3660767E-11
22250.1400   0.3646609E-11  0.3603752E-11  0.3689466E-11
22300.1400   0.3622532E-11  0.3575211E-11  0.3669854E-11
22350.1400   0.3572177E-11  0.3509226E-11  0.3635127E-11
22400.1400   0.3559895E-11  0.3513566E-11  0.3606223E-11
22450.1400   0.3568802E-11  0.3520644E-11  0.3616960E-11
22500.1400   0.3688417E-11  0.3647604E-11  0.3729231E-11
22550.1400   0.3559757E-11  0.3507483E-11  0.3612032E-11
22600.1400   0.3564540E-11  0.3503599E-11  0.3625480E-11
22650.1400   0.3496999E-11  0.3450057E-11  0.3543940E-11
22700.1400   0.3552782E-11  0.3493646E-11  0.3611918E-11
22750.1400   0.3527945E-11  0.3457614E-11  0.3598276E-11
22800.1400   0.3550694E-11  0.3507939E-11  0.3593450E-11
22850.1400   0.3611213E-11  0.3554450E-11  0.3667976E-11
22900.1400   0.3641088E-11  0.3581334E-11  0.3700843E-11
22950.1400   0.3692928E-11  0.3650661E-11  0.3735195E-11
23000.1400   0.3683024E-11  0.3630445E-11  0.3735604E-11
23050.1400   0.3631051E-11  0.3592462E-11  0.3669640E-11
23100.1400   0.3734762E-11  0.3689721E-11  0.3779803E-11
23150.1400   0.3562125E-11  0.3503271E-11  0.3620979E-11
23200.1400   0.3460708E-11  0.3415382E-11  0.3506034E-11
23250.1400   0.3458689E-11  0.3371362E-11  0.3546015E-11
23300.1400   0.3449552E-11  0.3398494E-11  0.3500610E-11
23350.1400   0.3469579E-11  0.3425320E-11  0.3513838E-11
23400.1400   0.3511555E-11  0.3463416E-11  0.3559695E-11
23450.1400   0.3581404E-11  0.3535626E-11  0.3627182E-11
23500.1400   0.3624625E-11  0.3578900E-11  0.3670350E-11
23550.1400   0.3637718E-11  0.3589450E-11  0.3685987E-11
23600.1400   0.3629782E-11  0.3595773E-11  0.3663791E-11
23650.1400   0.3660122E-11  0.3623404E-11  0.3696841E-11
23700.1400   0.3716385E-11  0.3679573E-11  0.3753197E-11
23750.1400   0.3629280E-11  0.3593682E-11  0.3664878E-11
23800.1400   0.3619112E-11  0.3540764E-11  0.3697459E-11
23850.1400   0.3572769E-11  0.3513395E-11  0.3632143E-11
23900.1400   0.3628217E-11  0.3588778E-11  0.3667657E-11
23950.1400   0.3587260E-11  0.3540251E-11  0.3634268E-11
24000.1400   0.3572871E-11  0.3536633E-11  0.3609108E-11
24050.1400   0.3564123E-11  0.3525075E-11  0.3603171E-11
24100.1400   0.3537546E-11  0.3503334E-11  0.3571759E-11
24150.1400   0.3508760E-11  0.3473488E-11  0.3544032E-11
24200.1400   0.3576632E-11  0.3536399E-11  0.3616865E-11
24250.1400   0.3523332E-11  0.3485005E-11  0.3561660E-11
24300.1400   0.3684329E-11  0.3630872E-11  0.3737786E-11
24350.1400   0.3583999E-11  0.3544193E-11  0.3623805E-11
24400.1400   0.3519280E-11  0.3476976E-11  0.3561583E-11
24450.1400   0.3509193E-11  0.3463029E-11  0.3555357E-11
24500.1400   0.3497536E-11  0.3458604E-11  0.3536469E-11
24550.1400   0.3553053E-11  0.3515486E-11  0.3590619E-11
24600.1400   0.3639900E-11  0.3595857E-11  0.3683944E-11
24650.1400   0.3627104E-11  0.3594658E-11  0.3659551E-11
24700.1400   0.3669109E-11  0.3634937E-11  0.3703281E-11
24750.1400   0.3580289E-11  0.3542319E-11  0.3618258E-11
24800.1400   0.3638700E-11  0.3605106E-11  0.3672294E-11
24850.1400   0.3778106E-11  0.3739563E-11  0.3816649E-11
24900.1400   0.3782556E-11  0.3732309E-11  0.3832803E-11
24950.1400   0.3706114E-11  0.3665194E-11  0.3747034E-11
25000.1400   0.3725627E-11  0.3688265E-11  0.3762989E-11
25050.1400   0.3772655E-11  0.3736146E-11  0.3809165E-11
25100.1400   0.3720797E-11  0.3681494E-11  0.3760100E-11
25150.1400   0.3834629E-11  0.3785996E-11  0.3883262E-11
25200.1400   0.3820133E-11  0.3780186E-11  0.3860079E-11
25250.1400   0.3864804E-11  0.3822549E-11  0.3907059E-11
25300.1400   0.3856855E-11  0.3806979E-11  0.3906731E-11
25350.1400   0.3895370E-11  0.3856407E-11  0.3934333E-11
25400.1400   0.4018273E-11  0.3977670E-11  0.4058877E-11
25450.1400   0.4030237E-11  0.3986499E-11  0.4073974E-11
25500.1400   0.4023214E-11  0.3984556E-11  0.4061873E-11
25550.1400   0.4095769E-11  0.4059636E-11  0.4131903E-11
25600.1400   0.4060820E-11  0.4025278E-11  0.4096363E-11
25650.1400   0.4145490E-11  0.4108626E-11  0.4182353E-11
25700.1400   0.4140730E-11  0.4109489E-11  0.4171971E-11
25750.1400   0.4165522E-11  0.4131832E-11  0.4199212E-11
25800.1400   0.4362524E-11  0.4328978E-11  0.4396070E-11
25850.1400   0.4424507E-11  0.4372855E-11  0.4476159E-11
25900.1400   0.4521458E-11  0.4491778E-11  0.4551138E-11
25950.1400   0.4699762E-11  0.4670303E-11  0.4729222E-11
26000.1400   0.4916786E-11  0.4885049E-11  0.4948522E-11
26050.1400   0.5243045E-11  0.5216893E-11  0.5269197E-11
26100.1400   0.5294901E-11  0.5266182E-11  0.5323619E-11
26150.1400   0.5854690E-11  0.5827987E-11  0.5881394E-11
26200.1400   0.6316293E-11  0.6284608E-11  0.6347977E-11
26250.1400   0.7224247E-11  0.7186619E-11  0.7261875E-11
26300.1400   0.6231417E-11  0.6186220E-11  0.6276614E-11
26350.1400   0.4829202E-11  0.4801212E-11  0.4857191E-11
26400.1400   0.4098076E-11  0.4070826E-11  0.4125326E-11
26450.1400   0.3670398E-11  0.3646434E-11  0.3694362E-11
26500.1400   0.3269562E-11  0.3241394E-11  0.3297731E-11
26550.1400   0.2823055E-11  0.2783605E-11  0.2862504E-11
26600.1400   0.2298603E-11  0.2254786E-11  0.2342419E-11
26650.1400   0.2240428E-11  0.2178722E-11  0.2302133E-11
26700.1400   0.2192435E-11  0.2139176E-11  0.2245694E-11
26750.1400   0.1978369E-11  0.1954735E-11  0.2002004E-11
26800.1400   0.2010539E-11  0.1987962E-11  0.2033116E-11
26850.1400   0.2044076E-11  0.2011203E-11  0.2076949E-11
26900.1400   0.1942742E-11  0.1926520E-11  0.1958964E-11
26950.1400   0.2005773E-11  0.1989208E-11  0.2022338E-11
27000.1400   0.2061826E-11  0.2044233E-11  0.2079419E-11
27050.1400   0.2028647E-11  0.2009790E-11  0.2047505E-11
27100.1400   0.1868134E-11  0.1850014E-11  0.1886255E-11
27150.1400   0.1865781E-11  0.1840508E-11  0.1891053E-11
27200.1400   0.1924842E-11  0.1882016E-11  0.1967669E-11
27250.1400   0.1899805E-11  0.1877644E-11  0.1921966E-11
27300.1400   0.1862064E-11  0.1840086E-11  0.1884042E-11
27350.1400   0.1852394E-11  0.1832444E-11  0.1872344E-11
27400.1400   0.1893226E-11  0.1869917E-11  0.1916534E-11
27450.1400   0.1842572E-11  0.1821442E-11  0.1863702E-11
27500.1400   0.1852553E-11  0.1831182E-11  0.1873924E-11
27550.1400   0.1823401E-11  0.1801897E-11  0.1844906E-11
27600.1400   0.1899132E-11  0.1873034E-11  0.1925230E-11
27650.1400   0.1822345E-11  0.1791181E-11  0.1853509E-11
27700.1400   0.1866073E-11  0.1843399E-11  0.1888748E-11
27750.1400   0.1851481E-11  0.1826377E-11  0.1876585E-11
27800.1400   0.1858716E-11  0.1836670E-11  0.1880761E-11
27850.1400   0.1799252E-11  0.1775167E-11  0.1823338E-11
27900.1400   0.1854884E-11  0.1829450E-11  0.1880318E-11
27950.1400   0.1782864E-11  0.1759700E-11  0.1806028E-11
28000.1400   0.1770901E-11  0.1750496E-11  0.1791305E-11
28050.1400   0.1812304E-11  0.1793292E-11  0.1831316E-11
28100.1400   0.1813195E-11  0.1791450E-11  0.1834939E-11
28150.1400   0.1793388E-11  0.1770683E-11  0.1816092E-11
28200.1400   0.1842971E-11  0.1819827E-11  0.1866116E-11
28250.1400   0.1886747E-11  0.1858762E-11  0.1914732E-11
28300.1400   0.1775003E-11  0.1735922E-11  0.1814084E-11
28350.1400   0.1751130E-11  0.1719728E-11  0.1782533E-11
28400.1400   0.1761945E-11  0.1736221E-11  0.1787670E-11
28450.1400   0.1783549E-11  0.1764451E-11  0.1802647E-11
28500.1400   0.1825636E-11  0.1806120E-11  0.1845152E-11
28550.1400   0.1827470E-11  0.1806932E-11  0.1848007E-11
28600.1400   0.1854159E-11  0.1829770E-11  0.1878548E-11
28650.1400   0.1951269E-11  0.1913845E-11  0.1988693E-11
28700.1400   0.1976702E-11  0.1945056E-11  0.2008347E-11
28750.1400   0.1899501E-11  0.1875867E-11  0.1923135E-11
28800.1400   0.1857216E-11  0.1836532E-11  0.1877900E-11
28850.1400   0.1824238E-11  0.1800622E-11  0.1847854E-11
28900.1400   0.1878983E-11  0.1847795E-11  0.1910172E-11
28950.1400   0.1816321E-11  0.1792291E-11  0.1840352E-11
29000.1400   0.1838760E-11  0.1804529E-11  0.1872990E-11
29050.1400   0.1766154E-11  0.1737736E-11  0.1794572E-11
29100.1400   0.1812345E-11  0.1766896E-11  0.1857795E-11
29150.1400   0.1798412E-11  0.1772833E-11  0.1823991E-11
29200.1400   0.1673166E-11  0.1655396E-11  0.1690936E-11
29250.1400   0.1683598E-11  0.1662713E-11  0.1704483E-11
29300.1400   0.1712881E-11  0.1689356E-11  0.1736406E-11
29350.1400   0.1746859E-11  0.1724438E-11  0.1769281E-11
29400.1400   0.1820927E-11  0.1803203E-11  0.1838651E-11
29450.1400   0.1756402E-11  0.1737010E-11  0.1775793E-11
29500.1400   0.1673652E-11  0.1650698E-11  0.1696606E-11
29550.1400   0.1720207E-11  0.1695524E-11  0.1744891E-11
29600.1400   0.1716658E-11  0.1689809E-11  0.1743507E-11
29650.1400   0.1734982E-11  0.1709610E-11  0.1760354E-11
29700.1400   0.1672605E-11  0.1649115E-11  0.1696095E-11
29750.1400   0.1715077E-11  0.1692496E-11  0.1737658E-11
29800.1400   0.1727186E-11  0.1703640E-11  0.1750732E-11
29850.1400   0.1699637E-11  0.1667450E-11  0.1731824E-11
29900.1400   0.1734750E-11  0.1705065E-11  0.1764435E-11
29950.1400   0.1720951E-11  0.1683722E-11  0.1758181E-11
30000.1400   0.1718421E-11  0.1691433E-11  0.1745409E-11
30050.1400   0.1716382E-11  0.1700642E-11  0.1732123E-11
30100.1400   0.1728404E-11  0.1712773E-11  0.1744035E-11
30150.1400   0.1723534E-11  0.1707340E-11  0.1739728E-11
30200.1400   0.1754667E-11  0.1734196E-11  0.1775137E-11
30250.1400   0.1743729E-11  0.1719839E-11  0.1767619E-11
30300.1400   0.1788441E-11  0.1770936E-11  0.1805946E-11
30350.1400   0.1790231E-11  0.1772699E-11  0.1807763E-11
30400.1400   0.1851712E-11  0.1831724E-11  0.1871699E-11
30450.1400   0.1945830E-11  0.1924252E-11  0.1967408E-11
30500.1400   0.1918481E-11  0.1893712E-11  0.1943249E-11
30550.1400   0.1865549E-11  0.1848731E-11  0.1882367E-11
30600.1400   0.1841009E-11  0.1824529E-11  0.1857489E-11
30650.1400   0.1792708E-11  0.1772045E-11  0.1813372E-11
30700.1400   0.1769199E-11  0.1751680E-11  0.1786719E-11
30750.1400   0.1891718E-11  0.1870764E-11  0.1912671E-11
30800.1400   0.1780032E-11  0.1752575E-11  0.1807489E-11
30850.1400   0.1712636E-11  0.1693490E-11  0.1731782E-11
30900.1400   0.1713551E-11  0.1691086E-11  0.1736015E-11
30950.1400   0.1793426E-11  0.1770313E-11  0.1816539E-11
31000.1400   0.1824388E-11  0.1798609E-11  0.1850167E-11
31050.1400   0.1893660E-11  0.1863081E-11  0.1924238E-11
31100.1400   0.1742168E-11  0.1718476E-11  0.1765859E-11
31150.1400   0.1726805E-11  0.1701593E-11  0.1752016E-11
31200.1400   0.1676920E-11  0.1658926E-11  0.1694914E-11
31250.1400   0.1578704E-11  0.1561819E-11  0.1595590E-11
31300.1400   0.1616192E-11  0.1599094E-11  0.1633290E-11
31350.1400   0.1646634E-11  0.1625422E-11  0.1667845E-11
31400.1400   0.1633444E-11  0.1611841E-11  0.1655048E-11
31450.1400   0.1630539E-11  0.1612374E-11  0.1648704E-11
31500.1400   0.1621838E-11  0.1601481E-11  0.1642194E-11
31550.1400   0.1639702E-11  0.1619778E-11  0.1659626E-11
31600.1400   0.1667880E-11  0.1643879E-11  0.1691882E-11
31650.1400   0.1667063E-11  0.1641710E-11  0.1692416E-11
31700.1400   0.1653043E-11  0.1626696E-11  0.1679389E-11
31750.1400   0.1644326E-11  0.1621673E-11  0.1666979E-11
31800.1400   0.1630691E-11  0.1607437E-11  0.1653944E-11
31850.1400   0.1600556E-11  0.1573670E-11  0.1627442E-11
31900.1400   0.1535184E-11  0.1513591E-11  0.1556777E-11
31950.1400   0.1582233E-11  0.1555520E-11  0.1608946E-11
32000.1400   0.1592077E-11  0.1578743E-11  0.1605410E-11
32050.1400   0.1554651E-11  0.1538682E-11  0.1570621E-11
32100.1400   0.1588202E-11  0.1570980E-11  0.1605424E-11
32150.1400   0.1585598E-11  0.1560513E-11  0.1610682E-11
32200.1400   0.1565990E-11  0.1545091E-11  0.1586889E-11
32250.1400   0.1603433E-11  0.1577956E-11  0.1628910E-11
32300.1400   0.1609957E-11  0.1593393E-11  0.1626522E-11
32350.1400   0.1640224E-11  0.1621859E-11  0.1658590E-11
32400.1400   0.1684113E-11  0.1667079E-11  0.1701147E-11
32450.1400   0.1696236E-11  0.1678254E-11  0.1714219E-11
32500.1400   0.1697122E-11  0.1672712E-11  0.1721533E-11
32550.1400   0.1708825E-11  0.1687422E-11  0.1730229E-11
32600.1400   0.1653593E-11  0.1629738E-11  0.1677447E-11
32650.1400   0.1659938E-11  0.1638573E-11  0.1681303E-11
32700.1400   0.1672453E-11  0.1649197E-11  0.1695709E-11
32750.1400   0.1741309E-11  0.1718073E-11  0.1764544E-11
32800.1400   0.1667459E-11  0.1648116E-11  0.1686802E-11
32850.1400   0.1687585E-11  0.1662009E-11  0.1713162E-11
32900.1400   0.1675248E-11  0.1651946E-11  0.1698549E-11
32950.1400   0.1662938E-11  0.1644875E-11  0.1681002E-11
33000.1400   0.1619688E-11  0.1605037E-11  0.1634339E-11
33050.1400   0.1647504E-11  0.1630458E-11  0.1664549E-11
33100.1400   0.1676221E-11  0.1656563E-11  0.1695878E-11
33150.1400   0.1724541E-11  0.1707212E-11  0.1741871E-11
33200.1400   0.1733203E-11  0.1718714E-11  0.1747693E-11
33250.1400   0.1789900E-11  0.1772079E-11  0.1807721E-11
33300.1400   0.1861183E-11  0.1835941E-11  0.1886425E-11
33350.1400   0.1859163E-11  0.1833672E-11  0.1884654E-11
33400.1400   0.1724786E-11  0.1702281E-11  0.1747291E-11
33450.1400   0.1662027E-11  0.1649980E-11  0.1674074E-11
33500.1400   0.1669996E-11  0.1655490E-11  0.1684502E-11
33550.1400   0.1653153E-11  0.1638453E-11  0.1667852E-11
33600.1400   0.1643281E-11  0.1631735E-11  0.1654826E-11
33650.1400   0.1616486E-11  0.1600113E-11  0.1632859E-11
33700.1400   0.1626317E-11  0.1615514E-11  0.1637121E-11
33750.1400   0.1708697E-11  0.1697350E-11  0.1720044E-11
33800.1400   0.1608218E-11  0.1595882E-11  0.1620553E-11
33850.1400   0.1651479E-11  0.1638645E-11  0.1664314E-11
33900.1400   0.1735011E-11  0.1721850E-11  0.1748173E-11
33950.1400   0.1742896E-11  0.1726950E-11  0.1758842E-11
34000.1400   0.1724325E-11  0.1705367E-11  0.1743283E-11
34050.1400   0.1765058E-11  0.1743553E-11  0.1786563E-11
34100.1400   0.1786427E-11  0.1764485E-11  0.1808369E-11
34150.1400   0.1882540E-11  0.1863469E-11  0.1901610E-11
34200.1400   0.1893393E-11  0.1879981E-11  0.1906805E-11
34250.1400   0.1960159E-11  0.1945066E-11  0.1975251E-11
34300.1400   0.2063453E-11  0.2044833E-11  0.2082073E-11
34350.1400   0.2121968E-11  0.2097300E-11  0.2146635E-11
34400.1400   0.1913493E-11  0.1895976E-11  0.1931009E-11
34450.1400   0.1771445E-11  0.1756653E-11  0.1786237E-11
34500.1400   0.1784629E-11  0.1767454E-11  0.1801804E-11
34550.1400   0.1888102E-11  0.1868195E-11  0.1908008E-11
34600.1400   0.1853752E-11  0.1832671E-11  0.1874833E-11
34650.1400   0.1787370E-11  0.1761007E-11  0.1813733E-11
34700.1400   0.1769555E-11  0.1749820E-11  0.1789289E-11
34750.1400   0.1818447E-11  0.1798048E-11  0.1838845E-11
34800.1400   0.1874206E-11  0.1853946E-11  0.1894466E-11
34850.1400   0.1863854E-11  0.1849271E-11  0.1878438E-11
34900.1400   0.1888770E-11  0.1869289E-11  0.1908252E-11
34950.1400   0.1936575E-11  0.1920002E-11  0.1953147E-11
35000.1400   0.1959809E-11  0.1940408E-11  0.1979209E-11
35050.1400   0.2013878E-11  0.1992321E-11  0.2035434E-11
35100.1400   0.1929606E-11  0.1906980E-11  0.1952232E-11
35150.1400   0.1919898E-11  0.1891945E-11  0.1947852E-11
35200.1400   0.2058279E-11  0.2029516E-11  0.2087042E-11
35250.1400   0.1926974E-11  0.1901632E-11  0.1952317E-11
35300.1400   0.1864115E-11  0.1840822E-11  0.1887408E-11
35350.1400   0.2033249E-11  0.2013895E-11  0.2052602E-11
35400.1400   0.2221370E-11  0.2202677E-11  0.2240063E-11
35450.1400   0.2267334E-11  0.2255093E-11  0.2279576E-11
35500.1400   0.2167749E-11  0.2152615E-11  0.2182884E-11
35550.1400   0.2270367E-11  0.2251749E-11  0.2288986E-11
35600.1400   0.1911343E-11  0.1900047E-11  0.1922639E-11
35650.1400   0.1860271E-11  0.1844261E-11  0.1876281E-11
35700.1400   0.1844053E-11  0.1825202E-11  0.1862903E-11
35750.1400   0.1562701E-11  0.1551049E-11  0.1574353E-11
35800.1400   0.1319370E-11  0.1310268E-11  0.1328472E-11
35850.1400   0.1070828E-11  0.1063378E-11  0.1078278E-11
35900.1400   0.1175141E-11  0.1167089E-11  0.1183193E-11
35950.1400   0.1010822E-11  0.1000825E-11  0.1020820E-11
36000.1400   0.1072143E-11  0.1061402E-11  0.1082884E-11
36050.1400   0.8124043E-12  0.8024513E-12  0.8223572E-12
36100.1400   0.7946498E-12  0.7866506E-12  0.8026490E-12
36150.1400   0.8964404E-12  0.8885367E-12  0.9043441E-12
36200.1400   0.8329062E-12  0.8245686E-12  0.8412438E-12
36250.1400   0.8376782E-12  0.8266086E-12  0.8487478E-12
36300.1400   0.8044309E-12  0.7977965E-12  0.8110654E-12
36350.1400   0.7661473E-12  0.7590830E-12  0.7732116E-12
36400.1400   0.7407095E-12  0.7336203E-12  0.7477987E-12
36450.1400   0.7632091E-12  0.7559756E-12  0.7704426E-12
36500.1400   0.6813173E-12  0.6748385E-12  0.6877960E-12
36550.1400   0.6335088E-12  0.6267560E-12  0.6402616E-12
36600.1400   0.6861880E-12  0.6786973E-12  0.6936787E-12
36650.1400   0.5544343E-12  0.5471108E-12  0.5617579E-12
36700.1400   0.5415885E-12  0.5345844E-12  0.5485925E-12
36750.1400   0.5693338E-12  0.5623014E-12  0.5763662E-12
36800.1400   0.5861967E-12  0.5788821E-12  0.5935113E-12
36850.1400   0.5710464E-12  0.5638680E-12  0.5782249E-12
36900.1400   0.6006164E-12  0.5925936E-12  0.6086393E-12
36950.1400   0.5877787E-12  0.5775602E-12  0.5979971E-12
37000.1400   0.5712781E-12  0.5636424E-12  0.5789138E-12
37050.1400   0.5624334E-12  0.5559128E-12  0.5689540E-12
37100.1400   0.5869531E-12  0.5771661E-12  0.5967402E-12
37150.1400   0.5363999E-12  0.5233346E-12  0.5494651E-12
37200.1400   0.4839767E-12  0.4773155E-12  0.4906379E-12
37250.1400   0.5111830E-12  0.5045069E-12  0.5178590E-12
37300.1400   0.5250799E-12  0.5175521E-12  0.5326077E-12
37350.1400   0.5404979E-12  0.5335677E-12  0.5474282E-12
37400.1400   0.5161537E-12  0.5088335E-12  0.5234739E-12
37450.1400   0.5342061E-12  0.5250108E-12  0.5434014E-12
37500.1400   0.5199067E-12  0.5126437E-12  0.5271697E-12
37550.1400   0.5360110E-12  0.5279070E-12  0.5441151E-12
37600.1400   0.5047955E-12  0.4959788E-12  0.5136121E-12
37650.1400   0.5021154E-12  0.4919740E-12  0.5122568E-12
37700.1400   0.5358353E-12  0.5277793E-12  0.5438913E-12
37750.1400   0.5597277E-12  0.5514195E-12  0.5680359E-12
37800.1400   0.5397912E-12  0.5331889E-12  0.5463935E-12
37850.1400   0.5825863E-12  0.5750734E-12  0.5900992E-12
37900.1400   0.5285638E-12  0.5224541E-12  0.5346734E-12
37950.1400   0.5647764E-12  0.5584582E-12  0.5710945E-12
38000.1400   0.5313433E-12  0.5247588E-12  0.5379278E-12
38050.1400   0.5634749E-12  0.5562309E-12  0.5707189E-12
38100.1400   0.5694305E-12  0.5606167E-12  0.5782443E-12
38150.1400   0.5638215E-12  0.5562180E-12  0.5714250E-12
38200.1400   0.4833811E-12  0.4739941E-12  0.4927681E-12
38250.1400   0.4716610E-12  0.4632825E-12  0.4800395E-12
38300.1400   0.5279884E-12  0.5181188E-12  0.5378579E-12
38350.1400   0.5804180E-12  0.5719609E-12  0.5888750E-12
38400.1400   0.4917975E-12  0.4837372E-12  0.4998577E-12
38450.1400   0.4924584E-12  0.4834162E-12  0.5015007E-12
38500.1400   0.5747496E-12  0.5647521E-12  0.5847470E-12
38550.1400   0.4677509E-12  0.4608846E-12  0.4746172E-12
38600.1400   0.4321857E-12  0.4265869E-12  0.4377845E-12
38650.1400   0.4343229E-12  0.4287967E-12  0.4398492E-12
38700.1400   0.4055019E-12  0.3992564E-12  0.4117474E-12
38750.1400   0.3985405E-12  0.3916283E-12  0.4054526E-12
38800.1400   0.3856167E-12  0.3803139E-12  0.3909195E-12
38850.1400   0.4313379E-12  0.4258282E-12  0.4368475E-12
38900.1400   0.4508108E-12  0.4450154E-12  0.4566061E-12
38950.1400   0.3947741E-12  0.3885056E-12  0.4010425E-12
39000.1400   0.3978996E-12  0.3899437E-12  0.4058555E-12
39050.1400   0.4538361E-12  0.4475217E-12  0.4601505E-12
39100.1400   0.5351995E-12  0.5269398E-12  0.5434592E-12
39150.1400   0.4799875E-12  0.4725427E-12  0.4874324E-12
39200.1400   0.4414854E-12  0.4335100E-12  0.4494608E-12
39250.1400   0.3533030E-12  0.3458731E-12  0.3607328E-12
39300.1400   0.3824060E-12  0.3738093E-12  0.3910027E-12
39350.1400   0.2897823E-12  0.2816746E-12  0.2978900E-12
39400.1400   0.2784270E-12  0.2729515E-12  0.2839024E-12
39450.1400   0.2816841E-12  0.2759700E-12  0.2873982E-12
39500.1400   0.2786418E-12  0.2713652E-12  0.2859185E-12
39550.1400   0.2806333E-12  0.2752013E-12  0.2860652E-12
39600.1400   0.2499151E-12  0.2426099E-12  0.2572202E-12
39650.1400   0.2113036E-12  0.2046388E-12  0.2179684E-12
39700.1400   0.2334916E-12  0.2297407E-12  0.2372424E-12
39750.1400   0.2106562E-12  0.2068465E-12  0.2144659E-12
39800.1400   0.1938945E-12  0.1900188E-12  0.1977701E-12
39850.1400   0.2203359E-12  0.2163854E-12  0.2242864E-12
39900.1400   0.2218561E-12  0.2178195E-12  0.2258926E-12
39950.1400   0.1887174E-12  0.1845803E-12  0.1928546E-12
