6.10000000e+01 6.34605736e-04
7.50000000e+01 6.34868412e-04
4.90000000e+01 6.34638373e-04
1.00000000e+02 6.34906517e-04
4.80000000e+01 6.34682922e-04
7.40000000e+01 6.34842066e-04
6.00000000e+01 6.34579232e-04
7.60000000e+01 6.34881607e-04
6.2000000e+01 6.3464418e-04
8.90000000e+01 6.35047322e-04
8.80000000e+01 6.35036725e-04
6.30000000e+01 6.34679251e-04
7.70000000e+01 6.34898574e-04
7.3000000e+01 6.3481895e-04
6.70000000e+01 6.34732286e-04
9.80000000e+01 6.34882871e-04
9.9000000e+01 6.3488528e-04
6.60000000e+01 6.34707564e-04
6.40000000e+01 6.34717635e-04
7.00000000e+01 6.34770531e-04
7.10000000e+01 6.34786613e-04
1.60000000e+01 6.34797616e-04
1.70000000e+01 6.34773052e-04
3.00000000e+00 6.35336127e-04
1.50000000e+01 6.34942086e-04
1.00000000e+00 6.35437573e-04
2.90000000e+01 6.34460974e-04
2.80000000e+01 6.34442592e-04
1.40000000e+01 6.34947138e-04
3.80000000e+01 6.34547947e-04
1.00000000e+01 6.35129124e-04
4.00000000e+00 6.35234523e-04
5.00000000e+00 6.35229815e-04
1.1000000e+01 6.3513561e-04
3.90000000e+01 6.34566699e-04
7.00000000e+00 6.35219871e-04
1.30000000e+01 6.35063453e-04
1.20000000e+01 6.35142127e-04
6.00000000e+00 6.35216671e-04
2.30000000e+01 6.34563774e-04
3.7000000e+01 6.3453964e-04
3.60000000e+01 6.34531432e-04
2.20000000e+01 6.34608626e-04
2.00000000e+01 6.34718309e-04
8.00000000e+00 6.35150844e-04
9.00000000e+00 6.35143032e-04
2.1000000e+01 6.3469546e-04
3.50000000e+01 6.34505834e-04
1.90000000e+01 6.34745694e-04
3.10000000e+01 6.34484529e-04
2.50000000e+01 6.34526822e-04
2.40000000e+01 6.34552181e-04
3.00000000e+01 6.34476292e-04
1.80000000e+01 6.34752445e-04
2.60000000e+01 6.34503869e-04
3.20000000e+01 6.34490206e-04
3.30000000e+01 6.34492343e-04
4.00000000e+01 6.34578873e-04
5.4000000e+01 6.3475685e-04
6.80000000e+01 6.34740717e-04
8.30000000e+01 6.34984814e-04
9.70000000e+01 6.34867472e-04
9.60000000e+01 6.35058152e-04
8.20000000e+01 6.34962923e-04
6.90000000e+01 6.34736576e-04
4.10000000e+01 6.34583586e-04
4.30000000e+01 6.34637176e-04
9.40000000e+01 6.35053715e-04
8.00000000e+01 6.34922022e-04
8.10000000e+01 6.34937029e-04
9.5000000e+01 6.3505447e-04
4.20000000e+01 6.34612705e-04
5.60000000e+01 6.34761582e-04
5.20000000e+01 6.34699592e-04
4.60000000e+01 6.34672503e-04
9.1000000e+01 6.3504631e-04
8.50000000e+01 6.35008358e-04
8.40000000e+01 6.34998804e-04
9.00000000e+01 6.35056998e-04
4.7000000e+01 6.3469774e-04
5.30000000e+01 6.34714962e-04
7.90000000e+01 6.34918064e-04
4.50000000e+01 6.34655619e-04
5.10000000e+01 6.34679762e-04
8.60000000e+01 6.35017023e-04
9.20000000e+01 6.35045342e-04
9.30000000e+01 6.35047589e-04
8.7000000e+01 6.3501975e-04
5.00000000e+01 6.34659077e-04
4.40000000e+01 6.34628678e-04
7.80000000e+01 6.34911145e-04
