6.10000000e+01 2.79103446e-03
7.50000000e+01 2.79357379e-03
4.90000000e+01 2.78865645e-03
1.00000000e+02 2.79907937e-03
4.80000000e+01 2.78848303e-03
7.40000000e+01 2.79337364e-03
6.00000000e+01 2.79086465e-03
7.60000000e+01 2.79379465e-03
6.20000000e+01 2.79118327e-03
8.90000000e+01 2.79721623e-03
8.80000000e+01 2.79701281e-03
6.30000000e+01 2.79113306e-03
7.70000000e+01 2.79424166e-03
7.30000000e+01 2.79317492e-03
6.70000000e+01 2.79198813e-03
9.80000000e+01 2.79869549e-03
9.90000000e+01 2.79879683e-03
6.60000000e+01 2.79178245e-03
6.40000000e+01 2.79139482e-03
7.00000000e+01 2.79259205e-03
7.10000000e+01 2.79280782e-03
1.60000000e+01 2.77792568e-03
1.7000000e+01 2.7780932e-03
3.00000000e+00 2.77535059e-03
1.50000000e+01 2.77785416e-03
1.         0.00277531
2.90000000e+01 2.78342068e-03
2.80000000e+01 2.78303762e-03
1.40000000e+01 2.77758731e-03
3.80000000e+01 2.78613108e-03
1.00000000e+01 2.77651507e-03
4.00000000e+00 2.77542401e-03
5.00000000e+00 2.77554616e-03
1.10000000e+01 2.77689825e-03
3.90000000e+01 2.78641006e-03
7.00000000e+00 2.77568608e-03
1.30000000e+01 2.77743121e-03
1.20000000e+01 2.77722377e-03
6.00000000e+00 2.77562635e-03
2.30000000e+01 2.78078628e-03
3.7000000e+01 2.7858561e-03
3.60000000e+01 2.78558259e-03
2.20000000e+01 2.78018865e-03
2.00000000e+01 2.77892861e-03
8.00000000e+00 2.77567503e-03
9.00000000e+00 2.77593176e-03
2.10000000e+01 2.77961901e-03
3.50000000e+01 2.78528595e-03
1.9000000e+01 2.7783896e-03
3.10000000e+01 2.78410962e-03
2.50000000e+01 2.78175076e-03
2.40000000e+01 2.78129943e-03
3.00000000e+01 2.78379062e-03
1.80000000e+01 2.77824709e-03
2.60000000e+01 2.78216574e-03
3.20000000e+01 2.78441438e-03
3.30000000e+01 2.78470377e-03
4.00000000e+01 2.78667197e-03
5.4000000e+01 2.7897772e-03
6.80000000e+01 2.79219689e-03
8.30000000e+01 2.79589094e-03
9.70000000e+01 2.79852871e-03
9.60000000e+01 2.79838484e-03
8.20000000e+01 2.79561946e-03
6.90000000e+01 2.79238031e-03
4.10000000e+01 2.78691371e-03
4.30000000e+01 2.78738143e-03
9.4000000e+01 2.7981005e-03
8.00000000e+01 2.79505727e-03
8.10000000e+01 2.79529862e-03
9.5000000e+01 2.7982607e-03
4.20000000e+01 2.78716042e-03
5.60000000e+01 2.79028202e-03
5.20000000e+01 2.78934412e-03
4.60000000e+01 2.78811876e-03
9.10000000e+01 2.79756363e-03
8.50000000e+01 2.79638209e-03
8.40000000e+01 2.79615621e-03
9.00000000e+01 2.79740415e-03
4.70000000e+01 2.78832257e-03
5.30000000e+01 2.78955318e-03
7.90000000e+01 2.79480738e-03
4.50000000e+01 2.78781253e-03
5.10000000e+01 2.78912061e-03
8.60000000e+01 2.79659829e-03
9.20000000e+01 2.79771048e-03
9.30000000e+01 2.79790676e-03
8.70000000e+01 2.79679806e-03
5.00000000e+01 2.78888811e-03
4.40000000e+01 2.78758361e-03
7.80000000e+01 2.79454396e-03
