2.5000000e+02 4.7008269e-04
3.00000000e+02 1.21049811e-02
3.50000000e+02 2.42507636e-02
4.00000000e+02 2.21325807e-01
450.           0.71153265
5.00000000e+02 5.78439147e-02
5.50000000e+02 1.60740437e-02
6.00000000e+02 9.27375377e-03
6.50000000e+02 6.69467051e-03
7.00000000e+02 4.65246627e-03
7.50000000e+02 2.27335208e-03
8.00000000e+02 1.08467846e-03
8.50000000e+02 6.55012651e-04
9.00000000e+02 5.77195402e-04
9.50000000e+02 7.34810909e-04
1.00000000e+03 7.46633305e-04
1.05000000e+03 6.25649605e-04
1.10000000e+03 7.32701966e-04
1.15000000e+03 9.90316798e-04
1.20000000e+03 1.65173595e-03
