2.50000000e+02 1.51934251e-01
300.           0.48580087
3.50000000e+02 3.17311557e-01
400.           0.70336086
450.           1.21026548
5.00000000e+02 1.28095842e-01
5.50000000e+02 3.34051588e-02
6.00000000e+02 1.90407129e-02
6.50000000e+02 1.36849251e-02
7.00000000e+02 9.52855414e-03
7.50000000e+02 4.66320914e-03
8.00000000e+02 2.20765852e-03
8.50000000e+02 1.32482235e-03
9.00000000e+02 1.17686854e-03
9.50000000e+02 1.48394795e-03
1.00000000e+03 1.53331133e-03
1.05000000e+03 1.28281325e-03
1.10000000e+03 1.48099894e-03
1.15000000e+03 1.96320484e-03
1.20000000e+03 3.20278755e-03
