2.50000000e+02 4.47163497e-06
3.0000000e+02 8.3088553e-04
3.50000000e+02 1.63148284e-02
4.00000000e+02 5.06412647e-02
4.50000000e+02 2.20063585e-02
5.00000000e+02 9.69620201e-03
5.50000000e+02 1.01868767e-02
6.00000000e+02 2.05203752e-02
6.50000000e+02 4.69736885e-02
7.0000000e+02 9.7686348e-02
7.50000000e+02 1.29329259e-01
8.00000000e+02 3.15941784e-01
8.50000000e+02 1.49696226e-01
9.00000000e+02 6.80863744e-02
9.50000000e+02 6.87920805e-02
1.00000000e+03 6.47365907e-02
1.05000000e+03 6.63670723e-02
1.100000e+03 7.143642e-02
1.15000000e+03 8.66783352e-02
1.200000e+03 1.155584e-01
