2.50000000e+02 9.89261012e-02
3.00000000e+02 2.48175398e-01
350.           0.67873233
400.           0.57668601
4.50000000e+02 1.22000601e-01
5.00000000e+02 2.89237807e-02
5.50000000e+02 2.00720584e-02
6.00000000e+02 2.93626232e-02
6.50000000e+02 5.63729925e-02
7.000000e+02 1.059668e-01
7.5000000e+02 1.2539609e-01
8.00000000e+02 3.03703151e-01
8.50000000e+02 1.70052632e-01
9.00000000e+02 7.23620019e-02
9.50000000e+02 7.21215904e-02
1.00000000e+03 6.78464112e-02
1.05000000e+03 6.89342498e-02
1.10000000e+03 7.38934027e-02
1.15000000e+03 8.99024254e-02
1.20000000e+03 1.19353733e-01
