6.10000000e+01 3.48480339e-03
7.50000000e+01 3.47528579e-03
4.90000000e+01 3.48745191e-03
1.00000000e+02 3.45701056e-03
4.80000000e+01 3.48750519e-03
7.40000000e+01 3.47635808e-03
6.00000000e+01 3.48513782e-03
7.60000000e+01 3.47421994e-03
6.20000000e+01 3.48442456e-03
8.90000000e+01 3.46328262e-03
8.80000000e+01 3.46395609e-03
6.30000000e+01 3.48401309e-03
7.7000000e+01 3.4731963e-03
7.3000000e+01 3.4773144e-03
6.70000000e+01 3.48194963e-03
9.80000000e+01 3.45800426e-03
9.90000000e+01 3.45751531e-03
7.20000000e+01 3.47818583e-03
5.80000000e+01 3.48577158e-03
6.40000000e+01 3.48356988e-03
7.00000000e+01 3.47980388e-03
7.10000000e+01 3.47902202e-03
6.50000000e+01 3.48293263e-03
5.90000000e+01 3.48544935e-03
2.       0.003462
1.60000000e+01 3.47467415e-03
1.70000000e+01 3.47615874e-03
3.         0.00346272
1.50000000e+01 3.47339572e-03
1.         0.00346134
2.90000000e+01 3.48618632e-03
2.80000000e+01 3.48585848e-03
1.4000000e+01 3.4722609e-03
3.80000000e+01 3.48773433e-03
1.00000000e+01 3.46829817e-03
4.00000000e+00 3.46344833e-03
5.00000000e+00 3.46418593e-03
1.10000000e+01 3.46921299e-03
3.90000000e+01 3.48769417e-03
7.000000e+00 3.465774e-03
1.30000000e+01 3.47120523e-03
1.20000000e+01 3.47018618e-03
6.00000000e+00 3.46497001e-03
2.30000000e+01 3.48386322e-03
3.70000000e+01 3.48766632e-03
3.60000000e+01 3.48757394e-03
2.20000000e+01 3.48301023e-03
3.40000000e+01 3.48725104e-03
2.00000000e+01 3.48116418e-03
8.00000000e+00 3.46655869e-03
9.00000000e+00 3.46741043e-03
2.10000000e+01 3.48215348e-03
3.50000000e+01 3.48742509e-03
1.900000e+01 3.479998e-03
3.10000000e+01 3.48669865e-03
2.50000000e+01 3.48478425e-03
2.40000000e+01 3.48446778e-03
3.00000000e+01 3.48646481e-03
1.80000000e+01 3.47820091e-03
2.60000000e+01 3.48510042e-03
3.20000000e+01 3.48691798e-03
3.30000000e+01 3.48709181e-03
2.70000000e+01 3.48546704e-03
4.00000000e+01 3.48758082e-03
5.40000000e+01 3.48667726e-03
6.80000000e+01 3.48139125e-03
8.3000000e+01 3.4676113e-03
9.70000000e+01 3.45851979e-03
9.60000000e+01 3.45908299e-03
8.20000000e+01 3.46842477e-03
6.90000000e+01 3.48064875e-03
5.50000000e+01 3.48646918e-03
4.10000000e+01 3.48759129e-03
5.70000000e+01 3.48603394e-03
4.30000000e+01 3.48758042e-03
9.40000000e+01 3.46018479e-03
8.00000000e+01 3.47015553e-03
8.10000000e+01 3.46925973e-03
9.50000000e+01 3.45962496e-03
4.20000000e+01 3.48759169e-03
5.60000000e+01 3.48626251e-03
5.20000000e+01 3.48704503e-03
4.60000000e+01 3.48761655e-03
9.10000000e+01 3.46198609e-03
8.50000000e+01 3.46608371e-03
8.40000000e+01 3.46682776e-03
9.00000000e+01 3.46262828e-03
4.70000000e+01 3.48753777e-03
5.30000000e+01 3.48684529e-03
7.90000000e+01 3.47117549e-03
4.50000000e+01 3.48758333e-03
5.10000000e+01 3.48717183e-03
8.60000000e+01 3.46534908e-03
9.20000000e+01 3.46137469e-03
9.30000000e+01 3.46076218e-03
8.70000000e+01 3.46464383e-03
5.00000000e+01 3.48733372e-03
4.40000000e+01 3.48757208e-03
7.80000000e+01 3.47216882e-03
