6.10000000e+01 5.93417155e-03
7.50000000e+01 5.92378696e-03
4.9000000e+01 5.9376212e-03
1.0000000e+02 5.9038171e-03
4.8000000e+01 5.9377089e-03
7.40000000e+01 5.92493154e-03
6.00000000e+01 5.93458219e-03
7.600000e+01 5.922653e-03
6.2000000e+01 5.9337188e-03
8.90000000e+01 5.91073279e-03
8.80000000e+01 5.91146879e-03
6.30000000e+01 5.93324387e-03
7.7000000e+01 5.9215287e-03
7.30000000e+01 5.92598244e-03
6.70000000e+01 5.93095907e-03
9.80000000e+01 5.90491876e-03
9.90000000e+01 5.90437802e-03
7.2000000e+01 5.9269058e-03
5.80000000e+01 5.93540328e-03
6.40000000e+01 5.93274111e-03
7.00000000e+01 5.92863762e-03
7.10000000e+01 5.92779686e-03
6.5000000e+01 5.9320474e-03
5.90000000e+01 5.93498137e-03
2.         0.00590994
1.60000000e+01 5.92420218e-03
1.70000000e+01 5.92585103e-03
3.         0.00591076
1.50000000e+01 5.92276627e-03
1.         0.00590918
2.9000000e+01 5.9370662e-03
2.80000000e+01 5.93675267e-03
1.40000000e+01 5.92147954e-03
3.80000000e+01 5.93827621e-03
1.00000000e+01 5.91697746e-03
4.        0.0059116
5.         0.00591244
1.10000000e+01 5.91801302e-03
3.90000000e+01 5.93819321e-03
7.00000000e+00 5.91425449e-03
1.30000000e+01 5.92027703e-03
1.20000000e+01 5.91911605e-03
6.00000000e+00 5.91333614e-03
2.3000000e+01 5.9345197e-03
3.70000000e+01 5.93825587e-03
3.60000000e+01 5.93817306e-03
2.2000000e+01 5.9335778e-03
3.40000000e+01 5.93793127e-03
2.00000000e+01 5.93142586e-03
8.00000000e+00 5.91515636e-03
9.00000000e+00 5.91596813e-03
2.10000000e+01 5.93261705e-03
3.50000000e+01 5.93806245e-03
1.90000000e+01 5.93005695e-03
3.10000000e+01 5.93751276e-03
2.5000000e+01 5.9355895e-03
2.40000000e+01 5.93520602e-03
3.00000000e+01 5.93731649e-03
1.80000000e+01 5.92806712e-03
2.60000000e+01 5.93595426e-03
3.20000000e+01 5.93768899e-03
3.30000000e+01 5.93781734e-03
2.70000000e+01 5.93635621e-03
4.00000000e+01 5.93804253e-03
5.40000000e+01 5.93659306e-03
6.80000000e+01 5.93035119e-03
8.30000000e+01 5.91545939e-03
9.70000000e+01 5.90548848e-03
9.6000000e+01 5.9060823e-03
8.2000000e+01 5.9163448e-03
6.90000000e+01 5.92955366e-03
5.50000000e+01 5.93629922e-03
4.10000000e+01 5.93802213e-03
5.7000000e+01 5.9357285e-03
4.3000000e+01 5.9379511e-03
9.40000000e+01 5.90730244e-03
8.00000000e+01 5.91823139e-03
8.10000000e+01 5.91725475e-03
9.50000000e+01 5.90668238e-03
4.20000000e+01 5.93800604e-03
5.60000000e+01 5.93602099e-03
5.20000000e+01 5.93712214e-03
4.60000000e+01 5.93788474e-03
9.10000000e+01 5.90929424e-03
8.50000000e+01 5.91379728e-03
8.40000000e+01 5.91460698e-03
9.00000000e+01 5.91000804e-03
4.70000000e+01 5.93777945e-03
5.30000000e+01 5.93689135e-03
7.90000000e+01 5.91933253e-03
4.50000000e+01 5.93787878e-03
5.10000000e+01 5.93728256e-03
8.60000000e+01 5.91299454e-03
9.20000000e+01 5.90861909e-03
9.30000000e+01 5.90794311e-03
8.70000000e+01 5.91222121e-03
5.00000000e+01 5.93747532e-03
4.40000000e+01 5.93790283e-03
7.8000000e+01 5.9204073e-03
