6.10000000e+01 2.66486675e-05
7.50000000e+01 2.47124178e-05
4.90000000e+01 2.90882372e-05
1.00000000e+02 2.03872716e-05
4.80000000e+01 2.93602289e-05
7.40000000e+01 2.47122772e-05
6.0000000e+01 2.6849062e-05
7.60000000e+01 2.44986315e-05
6.20000000e+01 2.63852473e-05
8.90000000e+01 2.19859577e-05
8.80000000e+01 2.21525286e-05
6.30000000e+01 2.62455504e-05
7.7000000e+01 2.4229054e-05
7.30000000e+01 2.48090978e-05
6.70000000e+01 2.56009672e-05
9.80000000e+01 2.06424008e-05
9.90000000e+01 2.05486266e-05
6.6000000e+01 2.5547438e-05
7.20000000e+01 2.48559212e-05
5.80000000e+01 2.73110645e-05
6.40000000e+01 2.60328567e-05
7.00000000e+01 2.51843581e-05
7.1000000e+01 2.4995295e-05
6.50000000e+01 2.58611263e-05
5.90000000e+01 2.70831427e-05
2.00000000e+00 4.35781181e-05
1.6000000e+01 3.7140419e-05
1.700000e+01 3.674213e-05
3.00000000e+00 4.27214857e-05
1.50000000e+01 3.76176898e-05
1.00000000e+00 4.47047384e-05
2.90000000e+01 3.32557865e-05
2.80000000e+01 3.36746804e-05
1.40000000e+01 3.81212799e-05
3.80000000e+01 3.11363613e-05
1.0000000e+01 4.0029711e-05
4.00000000e+00 4.27187359e-05
5.00000000e+00 4.24090987e-05
1.10000000e+01 3.96270262e-05
3.90000000e+01 3.09166468e-05
7.00000000e+00 4.13701933e-05
1.30000000e+01 3.86369872e-05
1.20000000e+01 3.90358491e-05
6.00000000e+00 4.16986653e-05
2.30000000e+01 3.51470836e-05
3.70000000e+01 3.13637629e-05
3.600000e+01 3.161114e-05
2.20000000e+01 3.51984147e-05
3.40000000e+01 3.19968846e-05
2.00000000e+01 3.54921572e-05
8.00000000e+00 4.11795046e-05
9.00000000e+00 4.04148676e-05
2.10000000e+01 3.50905781e-05
3.50000000e+01 3.18311857e-05
1.9000000e+01 3.5961837e-05
3.1000000e+01 3.2843972e-05
2.50000000e+01 3.43244062e-05
2.40000000e+01 3.47917998e-05
3.00000000e+01 3.30372459e-05
1.80000000e+01 3.64542545e-05
2.60000000e+01 3.41320194e-05
3.20000000e+01 3.26020224e-05
3.30000000e+01 3.21611134e-05
2.7000000e+01 3.3859689e-05
4.0000000e+01 3.0539981e-05
5.40000000e+01 2.77952913e-05
6.80000000e+01 2.55869389e-05
8.30000000e+01 2.31090932e-05
9.70000000e+01 2.05269404e-05
9.60000000e+01 2.07553295e-05
8.20000000e+01 2.31797729e-05
6.90000000e+01 2.54466818e-05
5.50000000e+01 2.74234918e-05
4.10000000e+01 3.02511358e-05
5.70000000e+01 2.73808329e-05
4.30000000e+01 2.97461899e-05
9.40000000e+01 2.10335214e-05
8.00000000e+01 2.33069877e-05
8.10000000e+01 2.34616351e-05
9.50000000e+01 2.09653857e-05
4.20000000e+01 2.99976617e-05
5.60000000e+01 2.71222449e-05
5.20000000e+01 2.82590236e-05
4.60000000e+01 2.95551254e-05
9.10000000e+01 2.15876941e-05
8.50000000e+01 2.26937375e-05
8.40000000e+01 2.29113638e-05
9.00000000e+01 2.17911546e-05
4.70000000e+01 2.93130916e-05
5.30000000e+01 2.80907447e-05
7.90000000e+01 2.35775479e-05
4.50000000e+01 2.95868501e-05
5.10000000e+01 2.84970714e-05
8.60000000e+01 2.24634723e-05
9.20000000e+01 2.14038972e-05
9.30000000e+01 2.12565206e-05
8.70000000e+01 2.24021097e-05
5.00000000e+01 2.88003228e-05
4.40000000e+01 2.96846996e-05
7.80000000e+01 2.40422894e-05
