6.10000000e+01 6.37319215e-03
7.50000000e+01 6.37069465e-03
4.90000000e+01 6.37587703e-03
1.00000000e+02 6.36617433e-03
4.8000000e+01 6.3761371e-03
7.40000000e+01 6.37089986e-03
6.00000000e+01 6.37337599e-03
7.60000000e+01 6.37050331e-03
6.20000000e+01 6.37299625e-03
8.90000000e+01 6.36800654e-03
8.80000000e+01 6.36808481e-03
6.30000000e+01 6.37280996e-03
7.70000000e+01 6.37030035e-03
7.30000000e+01 6.37110066e-03
6.70000000e+01 6.37211662e-03
9.80000000e+01 6.36645784e-03
9.90000000e+01 6.36633734e-03
6.60000000e+01 6.37235387e-03
7.20000000e+01 6.37120591e-03
5.80000000e+01 6.37377099e-03
6.4000000e+01 6.3726239e-03
7.00000000e+01 6.37163351e-03
7.10000000e+01 6.37142192e-03
6.50000000e+01 6.37253089e-03
5.90000000e+01 6.37355334e-03
2.         0.00639186
1.60000000e+01 6.38610246e-03
3.         0.00639173
1.50000000e+01 6.38661617e-03
1.         0.00639287
2.90000000e+01 6.38107389e-03
2.80000000e+01 6.38142233e-03
1.40000000e+01 6.38703935e-03
3.80000000e+01 6.37882585e-03
1.00000000e+01 6.38864435e-03
4.         0.00639123
5.         0.00639091
1.10000000e+01 6.38836813e-03
3.90000000e+01 6.37852003e-03
7.0000000e+00 6.3898791e-03
1.20000000e+01 6.38795315e-03
6.         0.00639036
2.30000000e+01 6.38356824e-03
3.70000000e+01 6.37911723e-03
3.60000000e+01 6.37944152e-03
2.20000000e+01 6.38393587e-03
3.40000000e+01 6.37986594e-03
2.00000000e+01 6.38472373e-03
8.00000000e+00 6.38951037e-03
9.00000000e+00 6.38909488e-03
2.10000000e+01 6.38433109e-03
3.5000000e+01 6.3797385e-03
1.90000000e+01 6.38495851e-03
3.10000000e+01 6.38052722e-03
2.50000000e+01 6.38287467e-03
3.00000000e+01 6.38076063e-03
1.80000000e+01 6.38536753e-03
3.20000000e+01 6.38024678e-03
3.30000000e+01 6.38018868e-03
4.00000000e+01 6.37825069e-03
5.40000000e+01 6.37466293e-03
6.80000000e+01 6.37196084e-03
8.30000000e+01 6.36909753e-03
9.70000000e+01 6.36661429e-03
9.60000000e+01 6.36678648e-03
8.20000000e+01 6.36933085e-03
6.90000000e+01 6.37180493e-03
5.50000000e+01 6.37444084e-03
4.10000000e+01 6.37796391e-03
4.30000000e+01 6.37748662e-03
9.4000000e+01 6.3671183e-03
8.00000000e+01 6.36971017e-03
8.10000000e+01 6.36951712e-03
9.50000000e+01 6.36697904e-03
5.60000000e+01 6.37420251e-03
5.20000000e+01 6.37498274e-03
4.60000000e+01 6.37664785e-03
9.10000000e+01 6.36766006e-03
8.40000000e+01 6.36872801e-03
9.00000000e+01 6.36781167e-03
4.70000000e+01 6.37637959e-03
5.30000000e+01 6.37485007e-03
7.90000000e+01 6.36993167e-03
4.50000000e+01 6.37690386e-03
5.1000000e+01 6.3753419e-03
8.60000000e+01 6.36846728e-03
9.20000000e+01 6.36749821e-03
9.30000000e+01 6.36731226e-03
8.70000000e+01 6.36828153e-03
5.00000000e+01 6.37561298e-03
7.80000000e+01 6.37012401e-03
