6.10000000e+01 1.80967223e-03
7.50000000e+01 1.80961357e-03
4.90000000e+01 1.80970744e-03
1.00000000e+02 1.80950798e-03
4.80000000e+01 1.80976605e-03
7.40000000e+01 1.80960547e-03
6.00000000e+01 1.80966237e-03
7.60000000e+01 1.80960992e-03
6.20000000e+01 1.80968319e-03
8.90000000e+01 1.80957429e-03
8.80000000e+01 1.80957409e-03
6.3000000e+01 1.8096916e-03
7.70000000e+01 1.80961038e-03
7.3000000e+01 1.8095997e-03
6.70000000e+01 1.80964564e-03
9.80000000e+01 1.80951608e-03
9.9000000e+01 1.8094997e-03
6.60000000e+01 1.80964497e-03
6.40000000e+01 1.80970408e-03
7.00000000e+01 1.80959741e-03
7.10000000e+01 1.80959807e-03
1.60000000e+01 1.81005495e-03
1.70000000e+01 1.81003712e-03
3.00000000e+00 1.81030234e-03
1.50000000e+01 1.81006534e-03
1.         0.00181041
2.90000000e+01 1.80969907e-03
2.80000000e+01 1.80968419e-03
1.40000000e+01 1.81006699e-03
3.80000000e+01 1.80972196e-03
1.00000000e+01 1.81023642e-03
4.00000000e+00 1.81029899e-03
5.00000000e+00 1.81029573e-03
1.10000000e+01 1.81023897e-03
3.90000000e+01 1.80972911e-03
7.00000000e+00 1.81028369e-03
1.30000000e+01 1.81017983e-03
1.20000000e+01 1.81024238e-03
6.00000000e+00 1.81028383e-03
2.30000000e+01 1.80981588e-03
3.70000000e+01 1.80972461e-03
3.60000000e+01 1.80972715e-03
2.20000000e+01 1.80985457e-03
2.00000000e+01 1.80989989e-03
8.00000000e+00 1.81027703e-03
9.00000000e+00 1.81025927e-03
2.10000000e+01 1.80988219e-03
3.50000000e+01 1.80971364e-03
1.90000000e+01 1.80992089e-03
3.10000000e+01 1.80971064e-03
2.50000000e+01 1.80977093e-03
2.4000000e+01 1.8097989e-03
3.00000000e+01 1.80970891e-03
1.80000000e+01 1.81002299e-03
2.60000000e+01 1.80974684e-03
3.20000000e+01 1.80970831e-03
3.30000000e+01 1.80972093e-03
4.00000000e+01 1.80972985e-03
5.40000000e+01 1.80973325e-03
6.80000e+01 1.80963e-03
8.30000000e+01 1.80959445e-03
9.70000000e+01 1.80951501e-03
9.6000000e+01 1.8095141e-03
8.20000000e+01 1.80959524e-03
6.90000000e+01 1.80959723e-03
4.10000000e+01 1.80972485e-03
4.300000e+01 1.809757e-03
9.40000000e+01 1.80953004e-03
8.00000000e+01 1.80959636e-03
8.10000000e+01 1.80959813e-03
9.50000000e+01 1.80952313e-03
4.20000000e+01 1.80974274e-03
5.60000000e+01 1.80969632e-03
5.20000000e+01 1.80973183e-03
4.60000000e+01 1.80974928e-03
9.10000000e+01 1.80955366e-03
8.50000000e+01 1.80958755e-03
8.40000000e+01 1.80959063e-03
9.00000000e+01 1.80957292e-03
4.70000000e+01 1.80975554e-03
5.30000000e+01 1.80972605e-03
7.90000000e+01 1.80960372e-03
4.50000000e+01 1.80975143e-03
5.10000000e+01 1.80972342e-03
8.6000000e+01 1.8095859e-03
9.20000000e+01 1.80955025e-03
9.30000000e+01 1.80954054e-03
8.70000000e+01 1.80957156e-03
5.00000000e+01 1.80971523e-03
4.40000000e+01 1.80973891e-03
7.80000000e+01 1.80960514e-03
