6.10000000e+01 3.77917348e-04
7.50000000e+01 3.70485999e-04
4.90000000e+01 3.80418029e-04
1.00000000e+02 3.56061456e-04
4.80000000e+01 3.80476206e-04
7.40000000e+01 3.71352217e-04
6.00000000e+01 3.78232998e-04
7.60000000e+01 3.69617045e-04
6.20000000e+01 3.77601353e-04
8.9000000e+01 3.6103124e-04
8.80000000e+01 3.61566995e-04
6.30000000e+01 3.77239625e-04
7.7000000e+01 3.6878874e-04
7.30000000e+01 3.72127452e-04
6.70000000e+01 3.75581747e-04
9.80000000e+01 3.56869981e-04
9.90000000e+01 3.56471759e-04
7.20000000e+01 3.72818148e-04
5.80000000e+01 3.78827849e-04
6.4000000e+01 3.7684602e-04
7.00000000e+01 3.74021053e-04
7.10000000e+01 3.73433536e-04
6.50000000e+01 3.76421504e-04
5.90000000e+01 3.78525226e-04
2.00000000e+00 3.60065097e-04
1.60000000e+01 3.70231222e-04
1.70000000e+01 3.71459522e-04
3.00000000e+00 3.60632915e-04
1.50000000e+01 3.69184194e-04
1.00000000e+00 3.59551762e-04
2.90000000e+01 3.79598878e-04
2.80000000e+01 3.79326741e-04
1.40000000e+01 3.68264875e-04
3.80000000e+01 3.80823573e-04
1.00000000e+01 3.65061442e-04
4.00000000e+00 3.61211252e-04
5.0000000e+00 3.6179128e-04
1.10000000e+01 3.65798209e-04
3.90000000e+01 3.80764304e-04
7.00000000e+00 3.63052527e-04
1.30000000e+01 3.67412319e-04
1.20000000e+01 3.66586713e-04
6.00000000e+00 3.62413821e-04
2.30000000e+01 3.77713991e-04
3.70000000e+01 3.80774922e-04
3.60000000e+01 3.80704396e-04
2.2000000e+01 3.7709885e-04
3.40000000e+01 3.80458379e-04
2.00000000e+01 3.75612325e-04
8.00000000e+00 3.63667902e-04
9.00000000e+00 3.64347383e-04
2.1000000e+01 3.7642961e-04
3.50000000e+01 3.80590867e-04
1.90000000e+01 3.74623155e-04
3.10000000e+01 3.80024838e-04
2.50000000e+01 3.78432799e-04
2.40000000e+01 3.78221155e-04
3.00000000e+01 3.79833706e-04
1.80000000e+01 3.73158471e-04
2.60000000e+01 3.78683694e-04
3.20000000e+01 3.80205624e-04
3.3000000e+01 3.8033448e-04
2.70000000e+01 3.78978169e-04
4.00000000e+01 3.80631405e-04
5.40000000e+01 3.79659174e-04
6.80000000e+01 3.75087176e-04
8.30000000e+01 3.64480198e-04
9.70000000e+01 3.57292269e-04
9.60000000e+01 3.57716868e-04
8.2000000e+01 3.6512027e-04
6.90000000e+01 3.74578472e-04
5.50000000e+01 3.79469284e-04
4.10000000e+01 3.80615162e-04
5.70000000e+01 3.79071378e-04
4.30000000e+01 3.80568673e-04
9.400000e+01 3.585817e-04
8.00000000e+01 3.66460606e-04
8.10000000e+01 3.65769065e-04
9.50000000e+01 3.58143366e-04
4.20000000e+01 3.80593026e-04
5.60000000e+01 3.79281144e-04
5.20000000e+01 3.80002112e-04
4.60000000e+01 3.80587321e-04
9.10000000e+01 3.60001479e-04
8.50000000e+01 3.63253045e-04
8.40000000e+01 3.63849867e-04
9.00000000e+01 3.60511556e-04
4.70000000e+01 3.80510326e-04
5.30000000e+01 3.79818131e-04
7.90000000e+01 3.67183746e-04
4.50000000e+01 3.80551141e-04
5.10000000e+01 3.80148273e-04
8.60000000e+01 3.62671676e-04
9.20000000e+01 3.59520589e-04
9.30000000e+01 3.59035993e-04
8.70000000e+01 3.62114595e-04
5.00000000e+01 3.80295679e-04
4.40000000e+01 3.80542163e-04
7.80000000e+01 3.67974814e-04
