6.10000000e+01 3.08177811e-03
7.50000000e+01 3.04635364e-03
4.90000000e+01 3.07913771e-03
1.00000000e+02 2.92741335e-03
4.80000000e+01 3.07836671e-03
7.40000000e+01 3.05135681e-03
6.00000000e+01 3.08183485e-03
7.60000000e+01 3.04160057e-03
6.20000000e+01 3.08106622e-03
8.90000000e+01 2.97735896e-03
8.80000000e+01 2.98271128e-03
6.30000000e+01 3.08080054e-03
7.70000000e+01 3.03603822e-03
7.30000000e+01 3.05676425e-03
6.70000000e+01 3.07689839e-03
9.80000000e+01 2.93559606e-03
9.90000000e+01 2.93146303e-03
7.20000000e+01 3.06081927e-03
5.80000000e+01 3.08217793e-03
6.40000000e+01 3.07987047e-03
7.00000000e+01 3.06921886e-03
7.10000000e+01 3.06479691e-03
6.50000000e+01 3.07884139e-03
5.90000000e+01 3.08195314e-03
2.         0.00291525
1.60000000e+01 2.98763609e-03
1.70000000e+01 2.99438733e-03
3.00000000e+00 2.91916005e-03
1.5000000e+01 2.9812914e-03
1.         0.00291173
2.90000000e+01 3.05203679e-03
2.80000000e+01 3.05013196e-03
1.40000000e+01 2.97524137e-03
3.80000000e+01 3.06667426e-03
1.00000000e+01 2.95281357e-03
4.00000000e+00 2.92357727e-03
5.00000000e+00 2.92812758e-03
1.10000000e+01 2.95816551e-03
3.90000000e+01 3.06822291e-03
7.00000000e+00 2.93770429e-03
1.30000000e+01 2.96938584e-03
1.20000000e+01 2.96369111e-03
6.00000000e+00 2.93284884e-03
2.30000000e+01 3.03559135e-03
3.70000000e+01 3.06507897e-03
3.60000000e+01 3.06333871e-03
2.20000000e+01 3.03226278e-03
3.40000000e+01 3.06004404e-03
2.00000000e+01 3.02039341e-03
8.0000000e+00 2.9426436e-03
9.00000000e+00 2.94758643e-03
2.10000000e+01 3.02808158e-03
3.50000000e+01 3.06166882e-03
1.90000000e+01 3.01033466e-03
3.10000000e+01 3.05534692e-03
2.50000000e+01 3.04154941e-03
2.40000000e+01 3.03870813e-03
3.00000000e+01 3.05374287e-03
1.80000000e+01 3.00208921e-03
2.60000000e+01 3.04515461e-03
3.20000000e+01 3.05690545e-03
3.30000000e+01 3.05847262e-03
2.70000000e+01 3.04773231e-03
4.00000000e+01 3.06956121e-03
5.40000000e+01 3.08245292e-03
6.80000000e+01 3.07571284e-03
8.30000000e+01 3.00549933e-03
9.70000000e+01 2.93987243e-03
9.60000000e+01 2.94415016e-03
8.20000000e+01 3.00997431e-03
6.90000000e+01 3.07257074e-03
5.50000000e+01 3.08303894e-03
4.10000000e+01 3.07093845e-03
5.70000000e+01 3.08233587e-03
4.30000000e+01 3.07373131e-03
9.40000000e+01 2.95302706e-03
8.00000000e+01 3.01872541e-03
8.10000000e+01 3.01442127e-03
9.50000000e+01 2.94852189e-03
4.20000000e+01 3.07227933e-03
5.60000000e+01 3.08280528e-03
5.20000000e+01 3.08130098e-03
4.60000000e+01 3.07682032e-03
9.10000000e+01 2.96753499e-03
8.50000000e+01 2.99667244e-03
8.400000e+01 3.001064e-03
9.00000000e+01 2.97248815e-03
4.70000000e+01 3.07757965e-03
5.30000000e+01 3.08181955e-03
7.90000000e+01 3.02382902e-03
4.50000000e+01 3.07593319e-03
5.10000000e+01 3.08056362e-03
8.60000000e+01 2.99199203e-03
9.20000000e+01 2.96244964e-03
9.30000000e+01 2.95771679e-03
8.70000000e+01 2.98727211e-03
5.00000000e+01 3.07986337e-03
4.40000000e+01 3.07504504e-03
7.80000000e+01 3.02984338e-03
