6.10000000e+01 4.23730332e-04
7.50000000e+01 4.18910793e-04
4.90000000e+01 4.25338982e-04
1.00000000e+02 4.10108426e-04
4.80000000e+01 4.25426934e-04
7.40000000e+01 4.19451809e-04
6.00000000e+01 4.23928562e-04
7.60000000e+01 4.18341565e-04
6.20000000e+01 4.23557793e-04
8.90000000e+01 4.13108475e-04
8.80000000e+01 4.13432125e-04
6.30000000e+01 4.23343259e-04
7.70000000e+01 4.17808385e-04
7.30000000e+01 4.19928879e-04
6.70000000e+01 4.22300824e-04
9.80000000e+01 4.10590858e-04
9.90000000e+01 4.10355671e-04
7.20000000e+01 4.20348275e-04
5.80000000e+01 4.24238965e-04
6.40000000e+01 4.23106943e-04
7.00000000e+01 4.21176132e-04
7.10000000e+01 4.20779306e-04
6.50000000e+01 4.22825976e-04
5.90000000e+01 4.24093438e-04
2.00000000e+00 4.13158726e-04
1.60000000e+01 4.19390245e-04
1.70000000e+01 4.20121002e-04
3.00000000e+00 4.13497443e-04
1.50000000e+01 4.18758301e-04
1.00000000e+00 4.12848888e-04
2.90000000e+01 4.25383434e-04
2.80000000e+01 4.25212539e-04
1.40000000e+01 4.18181949e-04
3.80000000e+01 4.25969505e-04
1.00000000e+01 4.16226633e-04
4.00000000e+00 4.13855581e-04
5.00000000e+00 4.14207045e-04
1.10000000e+01 4.16677081e-04
3.90000000e+01 4.25904438e-04
7.00000000e+00 4.14980441e-04
1.30000000e+01 4.17670712e-04
1.20000000e+01 4.17164588e-04
6.00000000e+00 4.14585453e-04
2.30000000e+01 4.23941355e-04
3.7000000e+01 4.2597315e-04
3.60000000e+01 4.25910011e-04
2.20000000e+01 4.23560572e-04
3.40000000e+01 4.25806093e-04
2.00000000e+01 4.22617725e-04
8.00000000e+00 4.15374899e-04
9.00000000e+00 4.15790238e-04
2.10000000e+01 4.23143648e-04
3.50000000e+01 4.25864075e-04
1.90000000e+01 4.21953235e-04
3.10000000e+01 4.25623689e-04
2.50000000e+01 4.24532205e-04
2.40000000e+01 4.24285962e-04
3.00000000e+01 4.25521311e-04
1.80000000e+01 4.21104307e-04
2.60000000e+01 4.24757165e-04
3.20000000e+01 4.25702289e-04
3.30000000e+01 4.25760367e-04
2.70000000e+01 4.24963466e-04
4.00000000e+01 4.25789394e-04
5.40000000e+01 4.24798349e-04
6.80000000e+01 4.21951974e-04
8.30000000e+01 4.15182657e-04
9.70000000e+01 4.10846241e-04
9.60000000e+01 4.11103411e-04
8.20000000e+01 4.15573697e-04
6.90000000e+01 4.21583565e-04
5.50000000e+01 4.24666568e-04
4.1000000e+01 4.2577364e-04
5.70000000e+01 4.24371846e-04
4.30000000e+01 4.25703299e-04
9.40000000e+01 4.11627039e-04
8.00000000e+01 4.16396359e-04
8.10000000e+01 4.15971457e-04
9.50000000e+01 4.11361167e-04
4.20000000e+01 4.25749868e-04
5.60000000e+01 4.24527918e-04
5.2000000e+01 4.2507428e-04
4.6000000e+01 4.2559786e-04
9.10000000e+01 4.12490431e-04
8.50000000e+01 4.14446608e-04
8.40000000e+01 4.14806622e-04
9.00000000e+01 4.12796209e-04
4.70000000e+01 4.25488076e-04
5.3000000e+01 4.2492823e-04
7.90000000e+01 4.16839515e-04
4.50000000e+01 4.25611317e-04
5.1000000e+01 4.2517025e-04
8.60000000e+01 4.14099876e-04
9.20000000e+01 4.12198435e-04
9.30000000e+01 4.11904426e-04
8.70000000e+01 4.13765154e-04
5.00000000e+01 4.25256664e-04
4.40000000e+01 4.25649281e-04
7.80000000e+01 4.17303871e-04
