6.10000000e+01 3.62970837e-02
7.50000000e+01 3.62920488e-02
4.90000000e+01 3.63001599e-02
1.00000000e+02 3.62845273e-02
4.80000000e+01 3.63005552e-02
7.40000000e+01 3.62922558e-02
6.00000000e+01 3.62975961e-02
7.60000000e+01 3.62916434e-02
6.20000000e+01 3.62965625e-02
8.90000000e+01 3.62870504e-02
8.80000000e+01 3.62874451e-02
6.30000000e+01 3.62962615e-02
7.70000000e+01 3.62912487e-02
7.30000000e+01 3.62925017e-02
6.70000000e+01 3.62941612e-02
9.8000000e+01 3.6285068e-02
9.90000000e+01 3.62848333e-02
6.60000000e+01 3.62949408e-02
7.20000000e+01 3.62927813e-02
5.80000000e+01 3.62974694e-02
6.40000000e+01 3.62957739e-02
7.00000000e+01 3.62932552e-02
7.10000000e+01 3.62928174e-02
6.50000000e+01 3.62953482e-02
5.90000000e+01 3.62980157e-02
2.         0.03632007
16.          0.03631279
17.          0.03631206
3.         0.03631868
15.          0.03631325
1.         0.03632232
29.          0.03630726
28.          0.03630797
14.          0.03631324
3.80000000e+01 3.63029605e-02
10.          0.03631551
4.         0.03631845
5.         0.03631801
11.         0.0363147
3.90000000e+01 3.63024818e-02
7.         0.03631793
13.          0.03631398
12.          0.03631379
6.         0.03631789
23.          0.03630868
3.70000000e+01 3.63034462e-02
36.          0.03630395
22.          0.03630907
34.         0.0363047
20.          0.03631017
8.         0.03631711
9.         0.03631635
21.          0.03630933
35.          0.03630434
19.          0.03631072
31.          0.03630605
25.          0.03630791
24.          0.03630793
30.          0.03630629
18.          0.03631148
26.          0.03630734
32.          0.03630557
33.          0.03630494
27.          0.03630777
4.00000000e+01 3.63018494e-02
5.40000000e+01 3.62983204e-02
6.80000000e+01 3.62941894e-02
8.30000000e+01 3.62894486e-02
9.70000000e+01 3.62851011e-02
9.60000000e+01 3.62854845e-02
8.2000000e+01 3.6289697e-02
6.90000000e+01 3.62937846e-02
5.50000000e+01 3.62977847e-02
4.10000000e+01 3.63013174e-02
5.70000000e+01 3.62973308e-02
4.30000000e+01 3.63003636e-02
9.40000000e+01 3.62861036e-02
8.00000000e+01 3.62900369e-02
8.10000000e+01 3.62900587e-02
9.50000000e+01 3.62858601e-02
4.20000000e+01 3.63008275e-02
5.60000000e+01 3.62972938e-02
5.20000000e+01 3.62990872e-02
4.60000000e+01 3.63004147e-02
9.10000000e+01 3.62865098e-02
8.50000000e+01 3.62886808e-02
8.40000000e+01 3.62890864e-02
9.00000000e+01 3.62866988e-02
4.70000000e+01 3.63003525e-02
5.30000000e+01 3.62987808e-02
7.90000000e+01 3.62904502e-02
4.50000000e+01 3.63002672e-02
5.10000000e+01 3.62996512e-02
8.60000000e+01 3.62882125e-02
9.20000000e+01 3.62861174e-02
9.30000000e+01 3.62857451e-02
8.70000000e+01 3.62879269e-02
5.00000000e+01 3.63000641e-02
4.40000000e+01 3.63001076e-02
7.8000000e+01 3.6290895e-02
