6.10000000e+01 1.78554593e-02
7.50000000e+01 1.78520599e-02
4.90000000e+01 1.78586989e-02
1.00000000e+02 1.78476658e-02
4.80000000e+01 1.78590588e-02
7.40000000e+01 1.78523275e-02
6.00000000e+01 1.78557238e-02
7.60000000e+01 1.78518106e-02
6.20000000e+01 1.78551663e-02
8.90000000e+01 1.78500242e-02
8.80000000e+01 1.78501533e-02
6.30000000e+01 1.78549009e-02
7.70000000e+01 1.78515501e-02
7.30000000e+01 1.78525935e-02
6.70000000e+01 1.78540252e-02
9.80000000e+01 1.78480466e-02
9.9000000e+01 1.7847876e-02
6.60000000e+01 1.78543324e-02
7.2000000e+01 1.7852767e-02
5.80000000e+01 1.78563004e-02
6.40000000e+01 1.78546427e-02
7.00000000e+01 1.78533402e-02
7.10000000e+01 1.78530543e-02
6.50000000e+01 1.78545817e-02
5.90000000e+01 1.78559909e-02
2.         0.01787809
16.         0.0178703
3.         0.01787735
15.          0.01787092
1.         0.01787882
2.90000000e+01 1.78647658e-02
2.80000000e+01 1.78651811e-02
14.          0.01787145
3.8000000e+01 1.7862056e-02
10.          0.01787348
4.         0.01787671
5.         0.01787625
11.          0.01787304
3.90000000e+01 1.78619621e-02
7.         0.01787502
12.          0.01787249
6.         0.01787558
2.30000000e+01 1.78671402e-02
3.70000000e+01 1.78624302e-02
3.60000000e+01 1.78628209e-02
2.20000000e+01 1.78675879e-02
3.40000000e+01 1.78632651e-02
2.00000000e+01 1.78685468e-02
8.         0.01787449
9.         0.01787404
2.10000000e+01 1.78680681e-02
3.50000000e+01 1.78631785e-02
1.9000000e+01 1.7868874e-02
3.10000000e+01 1.78640809e-02
2.50000000e+01 1.78662991e-02
3.00000000e+01 1.78643857e-02
1.80000000e+01 1.78693797e-02
3.20000000e+01 1.78637313e-02
3.3000000e+01 1.7863604e-02
4.00000000e+01 1.78616005e-02
5.40000000e+01 1.78574314e-02
6.80000000e+01 1.78538044e-02
8.30000000e+01 1.78500716e-02
9.70000000e+01 1.78482505e-02
9.60000000e+01 1.78484715e-02
8.2000000e+01 1.7850311e-02
6.90000000e+01 1.78535882e-02
5.50000000e+01 1.78571221e-02
4.10000000e+01 1.78613964e-02
4.30000000e+01 1.78607642e-02
9.40000e+01 1.78489e-02
8.00000000e+01 1.78508072e-02
8.1000000e+01 1.7850555e-02
9.50000000e+01 1.78487117e-02
5.6000000e+01 1.7856891e-02
5.20000000e+01 1.78578492e-02
4.60000000e+01 1.78597252e-02
9.10000000e+01 1.78495831e-02
8.40000000e+01 1.78498157e-02
9.00000000e+01 1.78497809e-02
4.70000000e+01 1.78593971e-02
5.30000000e+01 1.78577219e-02
7.90000000e+01 1.78510614e-02
4.5000000e+01 1.7860044e-02
5.10000000e+01 1.78580815e-02
8.60000000e+01 1.78506408e-02
9.20000000e+01 1.78493782e-02
9.30000000e+01 1.78491427e-02
8.70000000e+01 1.78504014e-02
5.00000000e+01 1.78584329e-02
7.80000000e+01 1.78513159e-02
