6.10000000e+01 9.28736247e-03
7.50000000e+01 9.27596476e-03
4.90000000e+01 9.29123545e-03
1.00000000e+02 9.25335638e-03
4.80000000e+01 9.29133463e-03
7.40000000e+01 9.27731826e-03
6.00000000e+01 9.28780059e-03
7.60000000e+01 9.27466122e-03
6.20000000e+01 9.28687534e-03
8.90000000e+01 9.26112424e-03
8.80000000e+01 9.26195054e-03
6.3000000e+01 9.2863269e-03
7.70000000e+01 9.27337058e-03
7.30000000e+01 9.27872421e-03
6.70000000e+01 9.28385273e-03
9.80000000e+01 9.25459541e-03
9.90000000e+01 9.25398486e-03
7.20000000e+01 9.27967225e-03
5.80000000e+01 9.28867656e-03
6.40000000e+01 9.28577304e-03
7.00000000e+01 9.28140134e-03
7.1000000e+01 9.2805786e-03
6.50000000e+01 9.28503188e-03
5.90000000e+01 9.28822723e-03
2.         0.00926012
1.60000000e+01 9.27553465e-03
1.70000000e+01 9.27727166e-03
3.         0.00926101
1.50000000e+01 9.27401224e-03
1.         0.00925928
2.90000000e+01 9.28952193e-03
2.80000000e+01 9.28910774e-03
1.40000000e+01 9.27264035e-03
3.80000000e+01 9.29126463e-03
1.00000000e+01 9.26780885e-03
4.         0.00926193
5.         0.00926286
1.10000000e+01 9.26892534e-03
3.90000000e+01 9.29127562e-03
7.         0.00926484
1.30000000e+01 9.27135389e-03
1.20000000e+01 9.27011011e-03
6.         0.00926383
2.30000000e+01 9.28648097e-03
3.70000000e+01 9.29117018e-03
3.60000000e+01 9.29102359e-03
2.20000000e+01 9.28545264e-03
3.40000000e+01 9.29067313e-03
2.00000000e+01 9.28314562e-03
8.         0.00926582
9.         0.00926672
2.10000000e+01 9.28441348e-03
3.5000000e+01 9.2908562e-03
1.9000000e+01 9.2816641e-03
3.10000000e+01 9.29011421e-03
2.50000000e+01 9.28769886e-03
2.40000000e+01 9.28724344e-03
3.00000000e+01 9.28986279e-03
1.8000000e+01 9.2795784e-03
2.60000000e+01 9.28813841e-03
3.20000000e+01 9.29033577e-03
3.30000000e+01 9.29051062e-03
2.70000000e+01 9.28862013e-03
4.00000000e+01 9.29123164e-03
5.40000000e+01 9.28997328e-03
6.80000000e+01 9.28320077e-03
8.30000000e+01 9.26645259e-03
9.70000000e+01 9.25523732e-03
9.6000000e+01 9.2559062e-03
8.20000000e+01 9.26745045e-03
6.90000000e+01 9.28235997e-03
5.50000000e+01 9.28965343e-03
4.10000000e+01 9.29129342e-03
5.70000000e+01 9.28902908e-03
4.30000000e+01 9.29161921e-03
9.40000000e+01 9.25728328e-03
8.00000000e+01 9.26958275e-03
8.10000000e+01 9.26848044e-03
9.50000000e+01 9.25658819e-03
4.20000000e+01 9.29139144e-03
5.60000000e+01 9.28934861e-03
5.20000000e+01 9.29068639e-03
4.60000000e+01 9.29152836e-03
9.10000000e+01 9.25951421e-03
8.50000000e+01 9.26457219e-03
8.40000000e+01 9.26549429e-03
9.00000000e+01 9.26031204e-03
4.70000000e+01 9.29141434e-03
5.30000000e+01 9.29029687e-03
7.90000000e+01 9.27082119e-03
4.50000000e+01 9.29153095e-03
5.10000000e+01 9.29086581e-03
8.60000000e+01 9.26366709e-03
9.20000000e+01 9.25875688e-03
9.30000000e+01 9.25800132e-03
8.70000000e+01 9.26279648e-03
5.00000000e+01 9.29107775e-03
4.40000000e+01 9.29156322e-03
7.80000000e+01 9.27205596e-03
