6.10000000e+01 4.35705309e-05
7.50000000e+01 4.06655248e-05
4.90000000e+01 4.72632033e-05
1.00000000e+02 3.32111888e-05
4.80000000e+01 4.76231203e-05
7.40000000e+01 4.07732518e-05
6.00000000e+01 4.40070871e-05
7.60000000e+01 4.03502165e-05
6.20000000e+01 4.31284793e-05
8.90000000e+01 3.57691961e-05
8.80000000e+01 3.60694709e-05
6.30000000e+01 4.29457489e-05
7.70000000e+01 4.00412019e-05
7.30000000e+01 4.09105387e-05
6.70000000e+01 4.18509505e-05
9.80000000e+01 3.36500704e-05
9.90000000e+01 3.34678651e-05
6.60000000e+01 4.19377518e-05
7.20000000e+01 4.10726555e-05
5.80000000e+01 4.37116168e-05
6.40000000e+01 4.25695528e-05
7.00000000e+01 4.12816109e-05
7.1000000e+01 4.0981736e-05
6.5000000e+01 4.2248639e-05
5.9000000e+01 4.4345844e-05
2.00000000e+00 6.61136262e-05
1.60000000e+01 5.88614294e-05
1.70000000e+01 5.81598421e-05
3.0000000e+00 6.4868569e-05
1.50000000e+01 5.92918729e-05
1.00000000e+00 6.77378184e-05
2.90000000e+01 5.26760322e-05
2.80000000e+01 5.33334239e-05
1.4000000e+01 5.9964283e-05
3.80000000e+01 4.96236877e-05
1.00000000e+01 6.20713126e-05
4.00000000e+00 6.47151557e-05
5.00000000e+00 6.43231359e-05
1.1000000e+01 6.1308729e-05
3.90000000e+01 4.91901585e-05
7.00000000e+00 6.40087197e-05
1.30000000e+01 6.06694333e-05
1.20000000e+01 6.04398289e-05
6.00000000e+00 6.42658022e-05
2.30000000e+01 5.48976847e-05
3.70000000e+01 5.00633877e-05
3.60000000e+01 5.05168816e-05
2.20000000e+01 5.52719396e-05
3.40000000e+01 5.11736422e-05
2.00000000e+01 5.63262666e-05
8.00000000e+00 6.33967551e-05
9.00000000e+00 6.28519119e-05
2.10000000e+01 5.55104961e-05
3.5000000e+01 5.0858608e-05
1.90000000e+01 5.68557219e-05
3.10000000e+01 5.23572344e-05
2.50000000e+01 5.41626324e-05
2.40000000e+01 5.41600988e-05
3.00000000e+01 5.25503847e-05
1.80000000e+01 5.75989838e-05
2.60000000e+01 5.36526696e-05
3.20000000e+01 5.19295892e-05
3.30000000e+01 5.13620063e-05
2.70000000e+01 5.30907491e-05
4.00000000e+01 4.86017581e-05
5.40000000e+01 4.47998619e-05
6.8000000e+01 4.1923977e-05
8.30000000e+01 3.76363469e-05
9.7000000e+01 3.3627002e-05
9.60000000e+01 3.39514537e-05
8.20000000e+01 3.88296298e-05
6.90000000e+01 4.16606848e-05
5.5000000e+01 4.4286607e-05
4.10000000e+01 4.81126919e-05
5.7000000e+01 4.3922389e-05
4.30000000e+01 4.72408376e-05
9.40000000e+01 3.44420875e-05
8.00000000e+01 3.90477867e-05
8.10000000e+01 3.91295424e-05
9.50000000e+01 3.42647904e-05
4.20000000e+01 4.76647244e-05
5.60000000e+01 4.38160186e-05
5.20000000e+01 4.59746079e-05
4.60000000e+01 4.74072119e-05
9.10000000e+01 3.53998889e-05
8.50000000e+01 3.69886042e-05
8.40000000e+01 3.73201178e-05
9.00000000e+01 3.55060218e-05
4.70000000e+01 4.73831501e-05
5.30000000e+01 4.56955845e-05
7.90000000e+01 3.93934973e-05
4.50000000e+01 4.72205338e-05
5.10000000e+01 4.63944256e-05
8.60000000e+01 3.66311153e-05
9.20000000e+01 3.50870135e-05
9.30000000e+01 3.47895788e-05
8.70000000e+01 3.64509973e-05
5.0000000e+01 4.6893545e-05
4.40000000e+01 4.70207812e-05
7.80000000e+01 3.97665718e-05
