6.10000000e+01 5.94559382e-04
7.50000000e+01 5.83161673e-04
4.90000000e+01 5.98432368e-04
1.00000000e+02 5.60553291e-04
4.8000000e+01 5.9853154e-04
7.40000000e+01 5.84515177e-04
6.00000000e+01 5.94997504e-04
7.60000000e+01 5.81858134e-04
6.20000000e+01 5.94072253e-04
8.90000000e+01 5.68321152e-04
8.80000000e+01 5.69147458e-04
6.30000000e+01 5.93523818e-04
7.70000000e+01 5.80567492e-04
7.30000000e+01 5.85921121e-04
6.70000000e+01 5.91049647e-04
9.80000000e+01 5.61792327e-04
9.90000000e+01 5.61181773e-04
7.20000000e+01 5.86869166e-04
5.80000000e+01 5.95873474e-04
6.40000000e+01 5.92969951e-04
7.00000000e+01 5.88598254e-04
7.10000000e+01 5.87775517e-04
6.50000000e+01 5.92228796e-04
5.90000000e+01 5.95424141e-04
2.0000000e+00 5.6731547e-04
1.60000000e+01 5.82731565e-04
1.70000000e+01 5.84468576e-04
3.00000000e+00 5.68211883e-04
1.50000000e+01 5.81209158e-04
1.00000000e+00 5.66477891e-04
2.90000000e+01 5.96718847e-04
2.80000000e+01 5.96304653e-04
1.40000000e+01 5.79837261e-04
3.80000000e+01 5.98461542e-04
1.00000000e+01 5.75005761e-04
4.00000000e+00 5.69128185e-04
5.00000000e+00 5.70054587e-04
1.10000000e+01 5.76122251e-04
3.90000000e+01 5.98472534e-04
7.00000000e+00 5.72032646e-04
1.30000000e+01 5.78550804e-04
1.20000000e+01 5.77307026e-04
6.00000000e+00 5.71031638e-04
2.30000000e+01 5.93677884e-04
3.70000000e+01 5.98367097e-04
3.60000000e+01 5.98220507e-04
2.20000000e+01 5.92649552e-04
3.40000000e+01 5.97870041e-04
2.00000000e+01 5.90342534e-04
8.00000000e+00 5.73018495e-04
9.00000000e+00 5.73915984e-04
2.10000000e+01 5.91610399e-04
3.50000000e+01 5.98053112e-04
1.90000000e+01 5.88861015e-04
3.10000000e+01 5.97311123e-04
2.50000000e+01 5.94895774e-04
2.40000000e+01 5.94440349e-04
3.00000000e+01 5.97059705e-04
1.80000000e+01 5.86775315e-04
2.60000000e+01 5.95335328e-04
3.20000000e+01 5.97532686e-04
3.30000000e+01 5.97707532e-04
2.70000000e+01 5.95817041e-04
4.00000000e+01 5.98428555e-04
5.40000000e+01 5.97170192e-04
6.80000000e+01 5.90397688e-04
8.30000000e+01 5.73649503e-04
9.70000000e+01 5.62434232e-04
9.60000000e+01 5.63103109e-04
8.2000000e+01 5.7464736e-04
6.90000000e+01 5.89556884e-04
5.50000000e+01 5.96850347e-04
4.10000000e+01 5.98490338e-04
5.70000000e+01 5.96225994e-04
4.30000000e+01 5.98816127e-04
9.40000000e+01 5.64480195e-04
8.00000000e+01 5.76779668e-04
8.10000000e+01 5.75677352e-04
9.500000e+01 5.637851e-04
4.20000000e+01 5.98588354e-04
5.60000000e+01 5.96545527e-04
5.20000000e+01 5.97883309e-04
4.60000000e+01 5.98725271e-04
9.1000000e+01 5.6671112e-04
8.50000000e+01 5.71769107e-04
8.40000000e+01 5.72691206e-04
9.00000000e+01 5.67508953e-04
4.70000000e+01 5.98611252e-04
5.30000000e+01 5.97493787e-04
7.90000000e+01 5.78018107e-04
4.50000000e+01 5.98727862e-04
5.10000000e+01 5.98062728e-04
8.60000000e+01 5.70864006e-04
9.2000000e+01 5.6595379e-04
9.30000000e+01 5.65198236e-04
8.70000000e+01 5.69993394e-04
5.00000000e+01 5.98274661e-04
4.40000000e+01 5.98760137e-04
7.80000000e+01 5.79252878e-04
