6.10000000e+01 1.80237271e-03
7.50000000e+01 1.79494137e-03
4.90000000e+01 1.80487339e-03
1.00000000e+02 1.78051682e-03
4.80000000e+01 1.80493157e-03
7.40000000e+01 1.79580758e-03
6.00000000e+01 1.80268836e-03
7.60000000e+01 1.79407241e-03
6.20000000e+01 1.80205672e-03
8.90000000e+01 1.78548661e-03
8.80000000e+01 1.78602236e-03
6.30000000e+01 1.80169499e-03
7.70000000e+01 1.79324411e-03
7.30000000e+01 1.79658282e-03
6.70000000e+01 1.80003711e-03
9.80000000e+01 1.78132535e-03
9.90000000e+01 1.78092712e-03
7.20000000e+01 1.79727351e-03
5.80000000e+01 1.80328322e-03
6.40000000e+01 1.80130139e-03
7.00000000e+01 1.79847642e-03
7.1000000e+01 1.7978889e-03
6.50000000e+01 1.80087687e-03
5.90000000e+01 1.80298059e-03
2.00000000e+00 1.78452046e-03
1.60000000e+01 1.79468659e-03
1.70000000e+01 1.79591489e-03
3.00000000e+00 1.78508828e-03
1.50000000e+01 1.79363956e-03
1.         0.00178401
2.90000000e+01 1.80405424e-03
2.80000000e+01 1.80378211e-03
1.40000000e+01 1.79272024e-03
3.80000000e+01 1.80527894e-03
1.00000000e+01 1.78951681e-03
4.00000000e+00 1.78566662e-03
5.00000000e+00 1.78624665e-03
1.10000000e+01 1.79025357e-03
3.90000000e+01 1.80521967e-03
7.00000000e+00 1.78750789e-03
1.30000000e+01 1.79186768e-03
1.20000000e+01 1.79104208e-03
6.00000000e+00 1.78686919e-03
2.30000000e+01 1.80216936e-03
3.70000000e+01 1.80523029e-03
3.60000000e+01 1.80515976e-03
2.20000000e+01 1.80155422e-03
3.40000000e+01 1.80491374e-03
2.00000000e+01 1.80006769e-03
8.00000000e+00 1.78812327e-03
9.00000000e+00 1.78880275e-03
2.10000000e+01 1.80088498e-03
3.50000000e+01 1.80504623e-03
1.90000000e+01 1.79907852e-03
3.1000000e+01 1.8044802e-03
2.50000000e+01 1.80288816e-03
2.40000000e+01 1.80267652e-03
3.00000000e+01 1.80428907e-03
1.80000000e+01 1.79761384e-03
2.60000000e+01 1.80313906e-03
3.20000000e+01 1.80466099e-03
3.30000000e+01 1.80478985e-03
2.70000000e+01 1.80343353e-03
4.00000000e+01 1.80508677e-03
5.40000000e+01 1.80411454e-03
6.80000000e+01 1.79954254e-03
8.30000000e+01 1.78893556e-03
9.70000000e+01 1.78174763e-03
9.60000000e+01 1.78217223e-03
8.20000000e+01 1.78957564e-03
6.90000000e+01 1.79903384e-03
5.50000000e+01 1.80392465e-03
4.10000000e+01 1.80507053e-03
5.70000000e+01 1.80352674e-03
4.30000000e+01 1.80502404e-03
9.40000000e+01 1.78303707e-03
8.00000000e+01 1.79091597e-03
8.10000000e+01 1.79022443e-03
9.50000000e+01 1.78259873e-03
4.20000000e+01 1.80504839e-03
5.60000000e+01 1.80373651e-03
5.20000000e+01 1.80445748e-03
4.60000000e+01 1.80504269e-03
9.10000000e+01 1.78445684e-03
8.50000000e+01 1.78770841e-03
8.40000000e+01 1.78830523e-03
9.00000000e+01 1.78496692e-03
4.70000000e+01 1.80496569e-03
5.3000000e+01 1.8042735e-03
7.90000000e+01 1.79163911e-03
4.50000000e+01 1.80500651e-03
5.10000000e+01 1.80460364e-03
8.60000000e+01 1.78712704e-03
9.20000000e+01 1.78397595e-03
9.30000000e+01 1.78349136e-03
8.70000000e+01 1.78656996e-03
5.00000000e+01 1.80475104e-03
4.40000000e+01 1.80499753e-03
7.80000000e+01 1.79243018e-03
