6.10000000e+01 1.20476929e-02
7.50000000e+01 1.20069144e-02
4.90000000e+01 1.20754127e-02
1.00000000e+02 1.19563262e-02
4.80000000e+01 1.20786805e-02
7.40000000e+01 1.20092019e-02
6.00000000e+01 1.20528594e-02
7.60000000e+01 1.20048611e-02
6.20000000e+01 1.20431913e-02
8.90000000e+01 1.19782999e-02
8.80000000e+01 1.19799808e-02
6.30000000e+01 1.20393153e-02
7.7000000e+01 1.2002618e-02
7.30000000e+01 1.20119637e-02
6.70000000e+01 1.20250789e-02
9.80000000e+01 1.19600484e-02
9.90000000e+01 1.19583541e-02
6.60000000e+01 1.20280399e-02
7.20000000e+01 1.20137951e-02
5.80000000e+01 1.20596916e-02
6.40000000e+01 1.20356683e-02
7.00000000e+01 1.20183942e-02
7.10000000e+01 1.20159026e-02
6.50000000e+01 1.20318359e-02
5.90000000e+01 1.20571096e-02
2.         0.01231294
1.60000000e+01 1.22439949e-02
3.         0.01230872
1.50000000e+01 1.22569203e-02
1.         0.01232175
2.90000000e+01 1.21517456e-02
2.80000000e+01 1.21564606e-02
1.40000000e+01 1.22622777e-02
3.80000000e+01 1.21138662e-02
10.          0.01226539
4.         0.01230287
5.       0.012297
11.          0.01225929
3.90000000e+01 1.21103649e-02
7.         0.01228437
12.          0.01227306
6.         0.01229054
2.3000000e+01 1.2181756e-02
3.70000000e+01 1.21178191e-02
3.60000000e+01 1.21218328e-02
2.2000000e+01 1.2187443e-02
3.40000000e+01 1.21302308e-02
2.00000000e+01 1.22007077e-02
8.         0.01227815
9.         0.01227183
2.10000000e+01 1.21938798e-02
3.50000000e+01 1.21260819e-02
1.9000000e+01 1.2208391e-02
3.100000e+01 1.214266e-02
2.50000000e+01 1.21712583e-02
3.00000000e+01 1.21470963e-02
1.80000000e+01 1.22175435e-02
3.20000000e+01 1.21382973e-02
3.30000000e+01 1.21342623e-02
4.0000000e+01 1.2106693e-02
5.40000000e+01 1.20715834e-02
6.80000000e+01 1.20227928e-02
8.30000000e+01 1.19898068e-02
9.70000000e+01 1.19619856e-02
9.60000000e+01 1.19642319e-02
8.20000000e+01 1.19918791e-02
6.9000000e+01 1.2020603e-02
5.50000000e+01 1.20685695e-02
4.10000000e+01 1.21033942e-02
4.30000000e+01 1.20966455e-02
9.40000000e+01 1.19693614e-02
8.00000000e+01 1.19960555e-02
8.10000000e+01 1.19939023e-02
9.50000000e+01 1.19665608e-02
5.60000000e+01 1.20657463e-02
5.2000000e+01 1.2078548e-02
4.60000000e+01 1.20854584e-02
9.10000000e+01 1.19749023e-02
8.40000000e+01 1.19876272e-02
9.00000000e+01 1.19765517e-02
4.70000000e+01 1.20820157e-02
5.30000000e+01 1.20748141e-02
7.90000000e+01 1.19980696e-02
4.50000000e+01 1.20891918e-02
5.10000000e+01 1.20698092e-02
8.60000000e+01 1.19841226e-02
9.20000000e+01 1.19730962e-02
9.30000000e+01 1.19712417e-02
8.70000000e+01 1.19820103e-02
5.00000000e+01 1.20729036e-02
7.80000000e+01 1.20004553e-02
