6.10000000e+01 8.98194235e-04
7.50000000e+01 8.94794908e-04
4.90000000e+01 9.01433854e-04
1.0000000e+02 8.9040081e-04
4.80000000e+01 9.01793776e-04
7.40000000e+01 8.95062418e-04
6.00000000e+01 8.98458732e-04
7.60000000e+01 8.94545592e-04
6.20000000e+01 8.97901294e-04
8.90000000e+01 8.92759151e-04
8.80000000e+01 8.92888227e-04
6.30000000e+01 8.97635891e-04
7.70000000e+01 8.94285037e-04
7.30000000e+01 8.95328422e-04
6.70000000e+01 8.96760196e-04
9.80000000e+01 8.90781559e-04
9.90000000e+01 8.90610966e-04
6.6000000e+01 8.9706737e-04
7.20000000e+01 8.95501979e-04
5.80000000e+01 8.99035358e-04
6.40000000e+01 8.97377646e-04
7.00000000e+01 8.96075205e-04
7.10000000e+01 8.95789259e-04
6.50000000e+01 8.97316654e-04
5.90000000e+01 8.98725901e-04
2.0000000e+00 9.2082564e-04
1.60000000e+01 9.13039122e-04
3.00000000e+00 9.20083621e-04
1.50000000e+01 9.13652728e-04
1.00000000e+00 9.21553829e-04
2.90000000e+01 9.07500728e-04
2.8000000e+01 9.0791609e-04
1.40000000e+01 9.14181517e-04
3.80000000e+01 9.04791006e-04
1.00000000e+01 9.16216875e-04
4.0000000e+00 9.1944566e-04
5.00000000e+00 9.18988987e-04
1.10000000e+01 9.15778443e-04
3.90000000e+01 9.04697074e-04
7.00000000e+00 9.17756426e-04
1.20000000e+01 9.15229332e-04
6.00000000e+00 9.18314228e-04
2.30000000e+01 9.09875185e-04
3.7000000e+01 9.0516521e-04
3.60000000e+01 9.05555895e-04
2.20000000e+01 9.10322907e-04
3.40000000e+01 9.06000066e-04
2.00000000e+01 9.11281755e-04
8.00000000e+00 9.17229914e-04
9.00000000e+00 9.16773696e-04
2.10000000e+01 9.10803077e-04
3.50000000e+01 9.05913507e-04
1.90000000e+01 9.11608985e-04
3.1000000e+01 9.0681591e-04
2.50000000e+01 9.09034094e-04
3.00000000e+01 9.07120681e-04
1.80000000e+01 9.12114656e-04
3.2000000e+01 9.0646623e-04
3.30000000e+01 9.06338919e-04
4.00000000e+01 9.04335455e-04
5.40000000e+01 9.00166384e-04
6.80000000e+01 8.96539357e-04
8.30000000e+01 8.92806544e-04
9.70000000e+01 8.90985498e-04
9.60000000e+01 8.91206452e-04
8.20000000e+01 8.93045994e-04
6.90000000e+01 8.96323206e-04
5.50000000e+01 8.99857077e-04
4.10000000e+01 9.04131397e-04
4.30000000e+01 9.03499193e-04
9.40000000e+01 8.91634968e-04
8.000000e+01 8.935422e-04
8.10000000e+01 8.93289935e-04
9.50000000e+01 8.91446625e-04
5.60000000e+01 8.99625933e-04
5.20000000e+01 9.00584154e-04
4.60000000e+01 9.02460138e-04
9.10000000e+01 8.92318038e-04
8.40000000e+01 8.92550634e-04
9.0000000e+01 8.9251584e-04
4.7000000e+01 9.0213206e-04
5.30000000e+01 9.00456845e-04
7.90000000e+01 8.93796391e-04
4.50000000e+01 9.02779006e-04
5.10000000e+01 9.00816488e-04
8.60000000e+01 8.93375774e-04
9.20000000e+01 8.92113137e-04
9.30000000e+01 8.91877659e-04
8.70000000e+01 8.93136385e-04
5.00000000e+01 9.01167856e-04
7.80000000e+01 8.94050851e-04
