6.10000000e+01 4.77939541e-04
7.5000000e+01 4.6842194e-04
4.90000000e+01 4.80588059e-04
1.00000000e+02 4.50146713e-04
4.8000000e+01 4.8064134e-04
7.40000000e+01 4.69494231e-04
6.00000000e+01 4.78273973e-04
7.6000000e+01 4.6735609e-04
6.20000000e+01 4.77560706e-04
8.90000000e+01 4.56418768e-04
8.80000000e+01 4.57092238e-04
6.30000000e+01 4.77149239e-04
7.70000000e+01 4.66332453e-04
7.30000000e+01 4.70450546e-04
6.70000000e+01 4.75085775e-04
9.80000000e+01 4.51140405e-04
9.90000000e+01 4.50651458e-04
7.20000000e+01 4.71321977e-04
5.80000000e+01 4.78907725e-04
6.40000000e+01 4.76706025e-04
7.00000000e+01 4.72940025e-04
7.10000000e+01 4.72158172e-04
6.50000000e+01 4.76068774e-04
5.90000000e+01 4.78585495e-04
2.00000000e+00 4.55135765e-04
1.60000000e+01 4.67810298e-04
1.70000000e+01 4.69294887e-04
3.00000000e+00 4.55852741e-04
1.50000000e+01 4.66531869e-04
1.00000000e+00 4.54477222e-04
2.90000000e+01 4.79322469e-04
2.80000000e+01 4.78994631e-04
1.40000000e+01 4.65397048e-04
3.80000000e+01 4.80870475e-04
1.00000000e+01 4.61434322e-04
4.00000000e+00 4.56584473e-04
5.00000000e+00 4.57322077e-04
1.10000000e+01 4.62349139e-04
3.90000000e+01 4.80830321e-04
7.00000000e+00 4.58910149e-04
1.30000000e+01 4.64341379e-04
1.2000000e+01 4.6332233e-04
6.00000000e+00 4.58106155e-04
2.3000000e+01 4.7699937e-04
3.70000000e+01 4.80802472e-04
3.60000000e+01 4.80710087e-04
2.20000000e+01 4.76146382e-04
3.40000000e+01 4.80387188e-04
2.00000000e+01 4.74300332e-04
8.00000000e+00 4.59694837e-04
9.00000000e+00 4.60546581e-04
2.10000000e+01 4.75289627e-04
3.50000000e+01 4.80561242e-04
1.90000000e+01 4.73134152e-04
3.10000000e+01 4.79834802e-04
2.50000000e+01 4.77920401e-04
2.40000000e+01 4.77603932e-04
3.00000000e+01 4.79600955e-04
1.80000000e+01 4.71337055e-04
2.60000000e+01 4.78236564e-04
3.20000000e+01 4.80054124e-04
3.30000000e+01 4.80227957e-04
2.70000000e+01 4.78603183e-04
4.00000000e+01 4.80716969e-04
5.40000000e+01 4.79813405e-04
6.800000e+01 4.745274e-04
8.30000000e+01 4.60747447e-04
9.70000000e+01 4.51655942e-04
9.6000000e+01 4.5221914e-04
8.20000000e+01 4.61560923e-04
6.90000000e+01 4.73784896e-04
5.50000000e+01 4.79605327e-04
4.10000000e+01 4.80727436e-04
5.70000000e+01 4.79170093e-04
4.30000000e+01 4.80716572e-04
9.40000000e+01 4.53320934e-04
8.00000000e+01 4.63291682e-04
8.10000000e+01 4.62395882e-04
9.50000000e+01 4.52761106e-04
4.20000000e+01 4.80727839e-04
5.60000000e+01 4.79398656e-04
5.20000000e+01 4.80181181e-04
4.60000000e+01 4.80752696e-04
9.10000000e+01 4.55122233e-04
8.50000000e+01 4.59219861e-04
8.40000000e+01 4.59963905e-04
9.00000000e+01 4.55764431e-04
4.70000000e+01 4.80673914e-04
5.30000000e+01 4.79981434e-04
7.90000000e+01 4.64311636e-04
4.50000000e+01 4.80719483e-04
5.10000000e+01 4.80307983e-04
8.60000000e+01 4.58485225e-04
9.20000000e+01 4.54510837e-04
9.30000000e+01 4.53898324e-04
8.70000000e+01 4.57779981e-04
5.00000000e+01 4.80469871e-04
4.40000000e+01 4.80708227e-04
7.80000000e+01 4.65304973e-04
