2.50000000e+02 1.83436859e-02
300.          0.4149711
350.           2.31195036
400.           4.30375451
450.           4.82622834
5.00000000e+02 2.39260954e-01
5.50000000e+02 6.96830421e-02
6.00000e+02 6.85533e-02
6.50000000e+02 6.32917119e-02
7.00000000e+02 4.57599345e-02
7.50000000e+02 1.65178965e-02
8.0000000e+02 8.4987415e-03
8.50000000e+02 5.99611343e-03
9.00000000e+02 5.65435165e-03
9.50000000e+02 5.80277996e-03
1.00000000e+03 6.31826954e-03
1.05000000e+03 8.31475804e-03
1.10000000e+03 1.08008896e-02
1.15000000e+03 1.41982571e-02
1.20000000e+03 2.20668078e-02
