250.           2.82108114
300.          11.51168546
350.          23.43341882
400.          16.84698027
450.          10.49898884
500.           0.66206421
5.50000000e+02 1.81019295e-01
6.0000e+02 1.7706e-01
6.50000000e+02 1.62896663e-01
7.00000000e+02 1.17381022e-01
7.50000000e+02 4.21607774e-02
8.00000000e+02 2.16958633e-02
8.5000000e+02 1.5299243e-02
9.0000000e+02 1.4389781e-02
9.50000000e+02 1.47540794e-02
1.00000000e+03 1.58491452e-02
1.05000000e+03 2.06681873e-02
1.1000000e+03 2.6387408e-02
1.1500000e+03 3.4308377e-02
1.2000000e+03 5.2954443e-02
