6.10000000e+01 2.26713228e-04
7.50000000e+01 2.21893689e-04
4.90000000e+01 2.28321878e-04
1.00000000e+02 2.13091322e-04
4.80000000e+01 2.28409831e-04
7.40000000e+01 2.22434705e-04
6.00000000e+01 2.26911458e-04
7.60000000e+01 2.21324461e-04
6.20000000e+01 2.26540689e-04
8.90000000e+01 2.16091371e-04
8.80000000e+01 2.16415021e-04
6.30000000e+01 2.26326156e-04
7.70000000e+01 2.20791281e-04
7.30000000e+01 2.22911775e-04
6.7000000e+01 2.2528372e-04
9.80000000e+01 2.13573754e-04
9.90000000e+01 2.13338567e-04
7.20000000e+01 2.23331171e-04
5.80000000e+01 2.27221861e-04
6.40000000e+01 2.26089839e-04
7.00000000e+01 2.24159028e-04
7.10000000e+01 2.23762202e-04
6.50000000e+01 2.25808872e-04
5.90000000e+01 2.27076334e-04
2.00000000e+00 2.16141622e-04
1.60000000e+01 2.22373141e-04
1.70000000e+01 2.23103898e-04
3.00000000e+00 2.16480339e-04
1.50000000e+01 2.21741197e-04
1.00000000e+00 2.15831784e-04
2.9000000e+01 2.2836633e-04
2.80000000e+01 2.28195435e-04
1.40000000e+01 2.21164845e-04
3.80000000e+01 2.28952401e-04
1.00000000e+01 2.19209529e-04
4.00000000e+00 2.16838477e-04
5.00000000e+00 2.17189941e-04
1.10000000e+01 2.19659977e-04
3.90000000e+01 2.28887334e-04
7.00000000e+00 2.17963337e-04
1.30000000e+01 2.20653608e-04
1.20000000e+01 2.20147484e-04
6.0000000e+00 2.1756835e-04
2.30000000e+01 2.26924251e-04
3.70000000e+01 2.28956046e-04
3.60000000e+01 2.28892907e-04
2.20000000e+01 2.26543468e-04
3.40000000e+01 2.28788989e-04
2.00000000e+01 2.25600622e-04
8.00000000e+00 2.18357795e-04
9.00000000e+00 2.18773134e-04
2.10000000e+01 2.26126544e-04
3.50000000e+01 2.28846971e-04
1.90000000e+01 2.24936131e-04
3.10000000e+01 2.28606586e-04
2.50000000e+01 2.27515101e-04
2.40000000e+01 2.27268858e-04
3.00000000e+01 2.28504207e-04
1.80000000e+01 2.24087203e-04
2.60000000e+01 2.27740061e-04
3.20000000e+01 2.28685185e-04
3.30000000e+01 2.28743264e-04
2.70000000e+01 2.27946363e-04
4.0000000e+01 2.2877229e-04
5.40000000e+01 2.27781245e-04
6.8000000e+01 2.2493487e-04
8.30000000e+01 2.18165554e-04
9.70000000e+01 2.13829137e-04
9.60000000e+01 2.14086307e-04
8.20000000e+01 2.18556593e-04
6.90000000e+01 2.24566461e-04
5.50000000e+01 2.27649464e-04
4.10000000e+01 2.28756536e-04
5.70000000e+01 2.27354742e-04
4.30000000e+01 2.28686195e-04
9.40000000e+01 2.14609935e-04
8.00000000e+01 2.19379255e-04
8.10000000e+01 2.18954353e-04
9.50000000e+01 2.14344063e-04
4.20000000e+01 2.28732764e-04
5.60000000e+01 2.27510814e-04
5.20000000e+01 2.28057176e-04
4.60000000e+01 2.28580756e-04
9.10000000e+01 2.15473327e-04
8.50000000e+01 2.17429504e-04
8.40000000e+01 2.17789518e-04
9.00000000e+01 2.15779105e-04
4.70000000e+01 2.28470972e-04
5.30000000e+01 2.27911126e-04
7.90000000e+01 2.19822411e-04
4.50000000e+01 2.28594214e-04
5.10000000e+01 2.28153146e-04
8.60000000e+01 2.17082773e-04
9.20000000e+01 2.15181331e-04
9.30000000e+01 2.14887322e-04
8.70000000e+01 2.16748051e-04
5.00000000e+01 2.28239561e-04
4.40000000e+01 2.28632177e-04
7.80000000e+01 2.20286767e-04
