2.50000000e+02 8.67820781e-04
3.00000000e+02 2.12902569e-02
3.50000000e+02 2.71970477e-02
4.00000000e+02 2.83739345e-01
450.           0.81023909
5.00000000e+02 8.76716075e-02
5.50000000e+02 2.37582592e-02
6.00000000e+02 1.42791336e-02
6.50000000e+02 1.25472056e-02
7.00000000e+02 8.06911934e-03
7.50000000e+02 3.64124077e-03
8.00000000e+02 1.64360445e-03
8.50000000e+02 9.47863192e-04
9.00000000e+02 8.43213374e-04
9.50000000e+02 1.05461339e-03
1.00000000e+03 1.26510218e-03
1.05000000e+03 1.36045464e-03
1.10000000e+03 1.57760732e-03
1.15000000e+03 2.19239171e-03
1.20000000e+03 3.30372303e-03
