250.           0.27291808
300.           0.83739671
3.50000000e+02 3.25150165e-01
400.           0.85325696
450.           1.36152264
5.00000000e+02 1.88835323e-01
5.50000000e+02 4.81629327e-02
6.00000000e+02 2.86664379e-02
6.5000000e+02 2.5167172e-02
7.00000000e+02 1.61558443e-02
7.50000000e+02 7.29057046e-03
8.00000000e+02 3.27738009e-03
8.50000000e+02 1.87397692e-03
9.00000000e+02 1.68117963e-03
9.50000000e+02 2.08878557e-03
1.00000000e+03 2.54514953e-03
1.05000000e+03 2.73829578e-03
1.10000000e+03 3.13757855e-03
1.15000000e+03 4.29409247e-03
1.2000000e+03 6.3366981e-03
