6.10000000e+01 7.08693585e-04
7.50000000e+01 7.06196083e-04
4.90000000e+01 7.11378466e-04
1.00000000e+02 7.01675765e-04
4.80000000e+01 7.11638535e-04
7.40000000e+01 7.06401298e-04
6.00000000e+01 7.08877422e-04
7.60000000e+01 7.06004746e-04
6.20000000e+01 7.08497688e-04
8.90000000e+01 7.03507975e-04
8.80000000e+01 7.03586242e-04
6.30000000e+01 7.08311397e-04
7.70000000e+01 7.05801784e-04
7.30000000e+01 7.06602093e-04
6.70000000e+01 7.07618061e-04
9.8000000e+01 7.0195928e-04
9.90000000e+01 7.01838772e-04
6.60000000e+01 7.07855307e-04
7.20000000e+01 7.06707342e-04
5.80000000e+01 7.09272426e-04
6.4000000e+01 7.0812534e-04
7.00000000e+01 7.07134944e-04
7.10000000e+01 7.06923352e-04
6.50000000e+01 7.08032325e-04
5.90000000e+01 7.09054781e-04
2.00000000e+00 7.27358462e-04
1.60000000e+01 7.21603898e-04
3.00000000e+00 7.27228324e-04
1.50000000e+01 7.22117609e-04
1.00000000e+00 7.28372884e-04
2.90000000e+01 7.16575322e-04
2.80000000e+01 7.16923768e-04
1.4000000e+01 7.2254079e-04
3.80000000e+01 7.14327282e-04
1.00000000e+01 7.24145784e-04
4.00000000e+00 7.26734334e-04
5.00000000e+00 7.26410736e-04
1.10000000e+01 7.23869563e-04
3.90000000e+01 7.14021465e-04
7.00000000e+00 7.25380538e-04
1.20000000e+01 7.23454586e-04
6.00000000e+00 7.25861052e-04
2.30000000e+01 7.19069676e-04
3.70000000e+01 7.14618671e-04
3.60000000e+01 7.14942958e-04
2.20000000e+01 7.19437303e-04
3.40000000e+01 7.15367375e-04
2.00000000e+01 7.20225163e-04
8.00000000e+00 7.25011803e-04
9.00000000e+00 7.24596312e-04
2.10000000e+01 7.19832525e-04
3.50000000e+01 7.15239941e-04
1.90000000e+01 7.20459951e-04
3.10000000e+01 7.16028654e-04
2.50000000e+01 7.18376108e-04
3.00000000e+01 7.16262068e-04
1.80000000e+01 7.20868966e-04
3.20000000e+01 7.15748212e-04
3.3000000e+01 7.1569012e-04
4.00000000e+01 7.13752127e-04
5.40000000e+01 7.10164365e-04
6.80000000e+01 7.07462275e-04
8.30000000e+01 7.04598968e-04
9.70000000e+01 7.02115725e-04
9.60000000e+01 7.02287919e-04
8.2000000e+01 7.0483229e-04
6.90000000e+01 7.07306366e-04
5.50000000e+01 7.09942274e-04
4.10000000e+01 7.13465349e-04
4.30000000e+01 7.12988053e-04
9.40000000e+01 7.02619736e-04
8.00000000e+01 7.05211608e-04
8.10000000e+01 7.05018553e-04
9.50000000e+01 7.02480479e-04
5.60000000e+01 7.09703946e-04
5.20000000e+01 7.10484173e-04
4.60000000e+01 7.12149283e-04
9.100000e+01 7.031615e-04
8.40000000e+01 7.04229448e-04
9.00000000e+01 7.03313103e-04
4.70000000e+01 7.11881023e-04
5.30000000e+01 7.10351503e-04
7.90000000e+01 7.05433111e-04
4.50000000e+01 7.12405295e-04
5.10000000e+01 7.10843333e-04
8.60000000e+01 7.03968718e-04
9.20000000e+01 7.02999643e-04
9.30000000e+01 7.02813693e-04
8.7000000e+01 7.0378297e-04
5.0000000e+01 7.1111442e-04
7.8000000e+01 7.0562545e-04
