6.1000000e+01 4.7829932e-04
7.50000000e+01 4.78223455e-04
4.90000000e+01 4.78354192e-04
1.00000000e+02 4.78078306e-04
4.80000000e+01 4.78411307e-04
7.40000000e+01 4.78216006e-04
6.00000000e+01 4.78298961e-04
7.60000000e+01 4.78218653e-04
6.20000000e+01 4.78310099e-04
8.9000000e+01 4.7816081e-04
8.80000000e+01 4.78163933e-04
6.30000000e+01 4.78318204e-04
7.70000000e+01 4.78218463e-04
7.3000000e+01 4.7821032e-04
6.7000000e+01 4.7826795e-04
9.80000000e+01 4.78079291e-04
9.900000e+01 4.780683e-04
6.60000000e+01 4.78268712e-04
6.40000000e+01 4.78330256e-04
7.00000000e+01 4.78213635e-04
7.10000000e+01 4.78212658e-04
1.60000000e+01 4.78625049e-04
1.70000000e+01 4.78607933e-04
3.00000000e+00 4.78984869e-04
1.50000000e+01 4.78633745e-04
1.00000000e+00 4.79080135e-04
2.90000000e+01 4.78335427e-04
2.80000000e+01 4.78317405e-04
1.40000000e+01 4.78633078e-04
3.80000000e+01 4.78378186e-04
1.00000000e+01 4.78787135e-04
4.00000000e+00 4.78891198e-04
5.00000000e+00 4.78892324e-04
1.1000000e+01 4.7879111e-04
3.90000000e+01 4.78390175e-04
7.00000000e+00 4.78896041e-04
1.30000000e+01 4.78740873e-04
1.20000000e+01 4.78796036e-04
6.00000000e+00 4.78886988e-04
2.30000000e+01 4.78428569e-04
3.70000000e+01 4.78375959e-04
3.6000000e+01 4.7837315e-04
2.20000000e+01 4.78470044e-04
2.00000000e+01 4.78570873e-04
8.00000000e+00 4.78826086e-04
9.00000000e+00 4.78808855e-04
2.10000000e+01 4.78551237e-04
3.50000000e+01 4.78352525e-04
1.90000000e+01 4.78593537e-04
3.10000000e+01 4.78352486e-04
2.50000000e+01 4.78396559e-04
2.40000000e+01 4.78419741e-04
3.00000000e+01 4.78348245e-04
1.80000000e+01 4.78594621e-04
2.60000000e+01 4.78375905e-04
3.20000000e+01 4.78352693e-04
3.30000000e+01 4.78347867e-04
4.00000000e+01 4.78395349e-04
5.40000000e+01 4.78383877e-04
6.80000000e+01 4.78250034e-04
8.30000000e+01 4.78196113e-04
9.70000000e+01 4.78081048e-04
9.60000000e+01 4.78083028e-04
8.20000000e+01 4.78199601e-04
6.90000000e+01 4.78215219e-04
4.10000000e+01 4.78393277e-04
4.30000000e+01 4.78434525e-04
9.40000000e+01 4.78098594e-04
8.00000000e+01 4.78205194e-04
8.10000000e+01 4.78204921e-04
9.50000000e+01 4.78093977e-04
4.20000000e+01 4.78415971e-04
5.60000000e+01 4.78345169e-04
5.2000000e+01 4.7838178e-04
4.6000000e+01 4.7843336e-04
9.10000000e+01 4.78129776e-04
8.50000000e+01 4.78182087e-04
8.40000000e+01 4.78189143e-04
9.00000000e+01 4.78155475e-04
4.70000000e+01 4.78440997e-04
5.30000000e+01 4.78376599e-04
7.9000000e+01 4.7821358e-04
4.50000000e+01 4.78434139e-04
5.10000000e+01 4.78372304e-04
8.60000000e+01 4.78179535e-04
9.20000000e+01 4.78115521e-04
9.30000000e+01 4.78106652e-04
8.70000000e+01 4.78164103e-04
5.00000000e+01 4.78363244e-04
4.4000000e+01 4.7841978e-04
7.80000000e+01 4.78216367e-04
