2.50000000e+02 6.35346806e-02
3.00000000e+02 1.59458888e-01
3.50000000e+02 1.18817375e-01
4.00000000e+02 1.94195882e-01
4.50000000e+02 1.02151551e-01
5.00000000e+02 1.78651274e-02
5.50000000e+02 1.01320386e-02
6.00000000e+02 1.36279787e-02
6.50000000e+02 2.02877886e-02
7.00000000e+02 3.26853642e-02
7.50000000e+02 3.64249023e-02
8.00000000e+02 8.78530406e-02
8.50000000e+02 4.80840769e-02
9.00000000e+02 2.42740985e-02
9.5000000e+02 2.3681626e-02
1.00000000e+03 2.06514044e-02
1.05000000e+03 1.53339645e-02
1.10000000e+03 1.58981582e-02
1.15000000e+03 1.95113373e-02
1.20000000e+03 2.62775175e-02
