2.50000000e+02 2.34767236e-06
3.00000000e+02 3.82291265e-04
3.50000000e+02 2.20555129e-03
4.00000000e+02 1.09097597e-02
4.5000000e+02 1.4677139e-02
5.00000000e+02 5.06799383e-03
5.50000000e+02 4.81628567e-03
6.00000000e+02 9.26438474e-03
6.50000000e+02 1.84617996e-02
7.0000000e+02 2.9973241e-02
7.50000000e+02 3.82702847e-02
8.00000000e+02 9.17988066e-02
8.50000000e+02 4.19715555e-02
9.0000000e+02 2.2938955e-02
9.50000000e+02 2.27015631e-02
1.00000000e+03 1.97353094e-02
1.05000000e+03 1.47691679e-02
1.10000000e+03 1.54416835e-02
1.15000000e+03 1.87631562e-02
1.20000000e+03 2.58006078e-02
