6.10000000e+01 1.13284532e-03
7.50000000e+01 1.12821483e-03
4.90000000e+01 1.13706306e-03
1.00000000e+02 1.12181911e-03
4.80000000e+01 1.13752989e-03
7.40000000e+01 1.12855871e-03
6.00000000e+01 1.13319671e-03
7.60000000e+01 1.12788311e-03
6.20000000e+01 1.13246336e-03
8.90000000e+01 1.12498898e-03
8.80000000e+01 1.12518981e-03
6.30000000e+01 1.13211668e-03
7.70000000e+01 1.12753861e-03
7.30000000e+01 1.12890864e-03
6.70000000e+01 1.13090032e-03
9.80000000e+01 1.12234138e-03
9.900000e+01 1.122099e-03
6.6000000e+01 1.1312994e-03
7.2000000e+01 1.1291735e-03
5.80000000e+01 1.13396171e-03
6.40000000e+01 1.13178163e-03
7.00000000e+01 1.12993466e-03
7.10000000e+01 1.12955207e-03
6.50000000e+01 1.13163313e-03
5.90000000e+01 1.13355177e-03
2.00000000e+00 1.16376693e-03
1.60000000e+01 1.15351276e-03
3.00000000e+00 1.16275925e-03
1.50000000e+01 1.15431456e-03
1.         0.00116435
2.90000000e+01 1.14580523e-03
2.80000000e+01 1.14637404e-03
1.40000000e+01 1.15503237e-03
3.80000000e+01 1.14179527e-03
1.00000000e+01 1.15749109e-03
4.00000000e+00 1.16189456e-03
5.00000000e+00 1.16121683e-03
1.10000000e+01 1.15686512e-03
3.90000000e+01 1.14155687e-03
7.00000000e+00 1.15958416e-03
1.20000000e+01 1.15613109e-03
6.00000000e+00 1.16034212e-03
2.30000000e+01 1.14911997e-03
3.70000000e+01 1.14230866e-03
3.60000000e+01 1.14284665e-03
2.20000000e+01 1.14972871e-03
3.40000000e+01 1.14356929e-03
2.00000000e+01 1.15101748e-03
8.00000000e+00 1.15886768e-03
9.00000000e+00 1.15823657e-03
2.10000000e+01 1.15037235e-03
3.50000000e+01 1.14334267e-03
1.90000000e+01 1.15151607e-03
3.10000000e+01 1.14481799e-03
2.50000000e+01 1.14795918e-03
3.00000000e+01 1.14526784e-03
1.80000000e+01 1.15220736e-03
3.2000000e+01 1.1443213e-03
3.30000000e+01 1.14404834e-03
4.0000000e+01 1.1410636e-03
5.40000000e+01 1.13548589e-03
6.80000000e+01 1.13058826e-03
8.30000000e+01 1.12553566e-03
9.70000000e+01 1.12261981e-03
9.60000000e+01 1.12291811e-03
8.20000000e+01 1.12586347e-03
6.9000000e+01 1.1302872e-03
5.50000000e+01 1.13507815e-03
4.10000000e+01 1.14072932e-03
4.3000000e+01 1.1398516e-03
9.4000000e+01 1.1234902e-03
8.00000000e+01 1.12653569e-03
8.10000000e+01 1.12619884e-03
9.50000000e+01 1.12323177e-03
5.60000000e+01 1.13474622e-03
5.20000000e+01 1.13612247e-03
4.60000000e+01 1.13842485e-03
9.10000000e+01 1.12440164e-03
8.40000000e+01 1.12519724e-03
9.00000000e+01 1.12467802e-03
4.70000000e+01 1.13798031e-03
5.30000000e+01 1.13587311e-03
7.90000000e+01 1.12687556e-03
4.5000000e+01 1.1388656e-03
5.10000000e+01 1.13646464e-03
8.60000000e+01 1.12584064e-03
9.20000000e+01 1.12412018e-03
9.3000000e+01 1.1238076e-03
8.70000000e+01 1.12551477e-03
5.00000000e+01 1.13692666e-03
7.80000000e+01 1.12722112e-03
