6.10000000e+01 1.69978227e-02
7.50000000e+01 1.69950994e-02
4.90000000e+01 1.70014562e-02
1.00000000e+02 1.69894419e-02
4.80000000e+01 1.70018115e-02
7.40000000e+01 1.69951897e-02
6.00000000e+01 1.69981969e-02
7.60000000e+01 1.69945064e-02
6.20000000e+01 1.69973595e-02
8.90000000e+01 1.69914125e-02
8.80000000e+01 1.69916449e-02
6.3000000e+01 1.6997231e-02
7.70000000e+01 1.69942212e-02
7.30000000e+01 1.69953075e-02
6.70000000e+01 1.69963098e-02
9.8000000e+01 1.6989791e-02
9.90000000e+01 1.69896548e-02
6.6000000e+01 1.6996359e-02
7.20000000e+01 1.69954484e-02
5.80000000e+01 1.69989868e-02
6.40000000e+01 1.69969043e-02
7.00000000e+01 1.69956103e-02
7.10000000e+01 1.69953348e-02
6.50000000e+01 1.69966287e-02
5.90000000e+01 1.69984662e-02
2.         0.01702014
16.          0.01701228
17.          0.01701174
3.         0.01701908
15.         0.0170129
1.        0.0170215
2.90000000e+01 1.70068674e-02
2.80000000e+01 1.70074318e-02
14.          0.01701355
3.80000000e+01 1.70041275e-02
10.          0.01701594
4.         0.01701908
5.         0.01701869
11.          0.01701529
3.90000000e+01 1.70037742e-02
7.         0.01701763
13.          0.01701422
12.          0.01701451
6.        0.0170178
2.30000000e+01 1.70090748e-02
3.70000000e+01 1.70044958e-02
3.60000000e+01 1.70048726e-02
2.20000000e+01 1.70093503e-02
3.40000000e+01 1.70054651e-02
2.00000000e+01 1.70102434e-02
8.         0.01701708
9.         0.01701659
2.10000000e+01 1.70095082e-02
3.50000000e+01 1.70051864e-02
1.90000000e+01 1.70106808e-02
3.10000000e+01 1.70064829e-02
2.50000000e+01 1.70079199e-02
2.40000000e+01 1.70085078e-02
3.0000000e+01 1.7006823e-02
1.80000000e+01 1.70113148e-02
2.60000000e+01 1.70075434e-02
3.2000000e+01 1.7006121e-02
3.30000000e+01 1.70056086e-02
2.70000000e+01 1.70070988e-02
4.00000000e+01 1.70032586e-02
5.40000000e+01 1.69998552e-02
6.80000000e+01 1.69961976e-02
8.30000000e+01 1.69929664e-02
9.70000000e+01 1.69897207e-02
9.60000000e+01 1.69899961e-02
8.20000000e+01 1.69931126e-02
6.90000000e+01 1.69959632e-02
5.50000000e+01 1.69994084e-02
4.10000000e+01 1.70028321e-02
5.70000000e+01 1.69991486e-02
4.30000000e+01 1.70020572e-02
9.40000000e+01 1.69903845e-02
8.00000000e+01 1.69932861e-02
8.10000000e+01 1.69933832e-02
9.50000000e+01 1.69902598e-02
4.20000000e+01 1.70024371e-02
5.60000000e+01 1.69989927e-02
5.20000000e+01 1.70003972e-02
4.60000000e+01 1.70015743e-02
9.10000000e+01 1.69911707e-02
8.5000000e+01 1.6992416e-02
8.4000000e+01 1.6992699e-02
9.00000000e+01 1.69912145e-02
4.7000000e+01 1.7001563e-02
5.30000000e+01 1.70002134e-02
7.90000000e+01 1.69936145e-02
4.50000000e+01 1.70016674e-02
5.10000000e+01 1.70007075e-02
8.60000000e+01 1.69921055e-02
9.2000000e+01 1.6990917e-02
9.30000000e+01 1.69906769e-02
8.70000000e+01 1.69919705e-02
5.00000000e+01 1.70010896e-02
4.40000000e+01 1.70018765e-02
7.80000000e+01 1.69939681e-02
