6.10000000e+01 3.85216861e-04
7.50000000e+01 3.85158209e-04
4.90000000e+01 3.85252077e-04
1.00000000e+02 3.85052612e-04
4.80000000e+01 3.85310683e-04
7.400000e+01 3.851501e-04
6.00000000e+01 3.85207004e-04
7.60000000e+01 3.85154557e-04
6.20000000e+01 3.85227828e-04
8.90000000e+01 3.85118925e-04
8.80000000e+01 3.85118725e-04
6.30000000e+01 3.85236236e-04
7.70000000e+01 3.85155016e-04
7.30000000e+01 3.85144338e-04
6.7000000e+01 3.8519027e-04
9.80000000e+01 3.85060712e-04
9.90000000e+01 3.85044338e-04
6.60000000e+01 3.85189605e-04
6.40000000e+01 3.85248712e-04
7.0000000e+01 3.8514204e-04
7.100000e+01 3.851427e-04
1.6000000e+01 3.8559958e-04
1.70000000e+01 3.85581757e-04
3.00000000e+00 3.85846971e-04
1.50000000e+01 3.85609979e-04
1.00000000e+00 3.85954193e-04
2.90000000e+01 3.85243709e-04
2.80000000e+01 3.85228828e-04
1.40000000e+01 3.85611623e-04
3.80000000e+01 3.85266596e-04
1.00000000e+01 3.85781055e-04
4.00000000e+00 3.85843628e-04
5.00000000e+00 3.85840367e-04
1.10000000e+01 3.85783602e-04
3.90000000e+01 3.85273743e-04
7.00000000e+00 3.85828328e-04
1.30000000e+01 3.85724468e-04
1.20000000e+01 3.85787016e-04
6.0000000e+00 3.8582846e-04
2.30000000e+01 3.85360515e-04
3.7000000e+01 3.8526924e-04
3.60000000e+01 3.85271789e-04
2.20000000e+01 3.85399199e-04
2.00000000e+01 3.85444525e-04
8.0000000e+00 3.8582166e-04
9.00000000e+00 3.85803908e-04
2.10000000e+01 3.85426828e-04
3.50000000e+01 3.85258276e-04
1.90000000e+01 3.85465522e-04
3.10000000e+01 3.85255278e-04
2.50000000e+01 3.85315566e-04
2.40000000e+01 3.85343533e-04
3.00000000e+01 3.85253545e-04
1.80000000e+01 3.85567624e-04
2.60000000e+01 3.85291472e-04
3.20000000e+01 3.85252945e-04
3.30000000e+01 3.85265563e-04
4.00000000e+01 3.85274487e-04
5.40000000e+01 3.85277888e-04
6.8000000e+01 3.8517463e-04
8.30000000e+01 3.85139084e-04
9.70000000e+01 3.85059643e-04
9.6000000e+01 3.8505873e-04
8.20000000e+01 3.85139878e-04
6.90000000e+01 3.85141861e-04
4.10000000e+01 3.85269488e-04
4.30000000e+01 3.85301631e-04
9.40000000e+01 3.85074675e-04
8.00000000e+01 3.85140993e-04
8.10000000e+01 3.85142759e-04
9.50000000e+01 3.85067766e-04
4.20000000e+01 3.85287378e-04
5.6000000e+01 3.8524095e-04
5.20000000e+01 3.85276461e-04
4.6000000e+01 3.8529391e-04
9.10000000e+01 3.85098295e-04
8.50000000e+01 3.85132187e-04
8.40000000e+01 3.85135264e-04
9.00000000e+01 3.85117558e-04
4.70000000e+01 3.85300176e-04
5.30000000e+01 3.85270683e-04
7.90000000e+01 3.85148359e-04
4.50000000e+01 3.85296064e-04
5.1000000e+01 3.8526805e-04
8.60000000e+01 3.85130539e-04
9.20000000e+01 3.85094881e-04
9.30000000e+01 3.85085174e-04
8.70000000e+01 3.85116197e-04
5.00000000e+01 3.85259867e-04
4.40000000e+01 3.85283547e-04
7.80000000e+01 3.85149775e-04
