6.10000000e+01 4.26575889e-04
7.50000000e+01 4.25091825e-04
4.90000000e+01 4.28051328e-04
1.00000000e+02 4.22434412e-04
4.80000000e+01 4.28219744e-04
7.40000000e+01 4.25230305e-04
6.00000000e+01 4.26666838e-04
7.60000000e+01 4.24973883e-04
6.20000000e+01 4.26403254e-04
8.90000000e+01 4.23490024e-04
8.8000000e+01 4.2360384e-04
6.30000000e+01 4.26287687e-04
7.70000000e+01 4.24846422e-04
7.3000000e+01 4.2535137e-04
6.70000000e+01 4.25898793e-04
9.8000000e+01 4.2258178e-04
9.90000000e+01 4.22524881e-04
6.60000000e+01 4.26057403e-04
7.20000000e+01 4.25372845e-04
5.80000000e+01 4.26900121e-04
6.40000000e+01 4.26177481e-04
7.00000000e+01 4.25627915e-04
7.10000000e+01 4.25500376e-04
6.50000000e+01 4.26157861e-04
5.90000000e+01 4.26762492e-04
2.00000000e+00 4.38370285e-04
1.60000000e+01 4.34614299e-04
3.00000000e+00 4.38240004e-04
1.50000000e+01 4.34941598e-04
1.00000000e+00 4.38849643e-04
2.90000000e+01 4.31584726e-04
2.80000000e+01 4.31818799e-04
1.40000000e+01 4.35192707e-04
3.80000000e+01 4.29867533e-04
1.00000000e+01 4.36254765e-04
4.00000000e+00 4.37960637e-04
5.00000000e+00 4.37718303e-04
1.10000000e+01 4.36020899e-04
3.90000000e+01 4.29679799e-04
7.00000000e+00 4.37083811e-04
1.20000000e+01 4.35765548e-04
6.00000000e+00 4.37417945e-04
2.30000000e+01 4.32831119e-04
3.7000000e+01 4.3003797e-04
3.60000000e+01 4.30238796e-04
2.20000000e+01 4.33063462e-04
3.40000000e+01 4.30567441e-04
2.00000000e+01 4.33564562e-04
8.00000000e+00 4.36813999e-04
9.00000000e+00 4.36543724e-04
2.10000000e+01 4.33315372e-04
3.50000000e+01 4.30411357e-04
1.90000000e+01 4.33792326e-04
3.1000000e+01 4.3117203e-04
2.50000000e+01 4.32404542e-04
3.00000000e+01 4.31382755e-04
1.80000000e+01 4.34040029e-04
3.20000000e+01 4.30980075e-04
3.30000000e+01 4.30761035e-04
4.00000000e+01 4.29529245e-04
5.40000000e+01 4.27427946e-04
6.80000000e+01 4.25807237e-04
8.3000000e+01 4.2414911e-04
9.7000000e+01 4.2266795e-04
9.60000000e+01 4.22773264e-04
8.20000000e+01 4.24262468e-04
6.90000000e+01 4.25723638e-04
5.50000000e+01 4.27302173e-04
4.10000000e+01 4.29360536e-04
4.30000000e+01 4.29023177e-04
9.40000000e+01 4.22962503e-04
8.00000000e+01 4.24506351e-04
8.10000000e+01 4.24371571e-04
9.50000000e+01 4.22895487e-04
5.60000000e+01 4.27155486e-04
5.20000000e+01 4.27669828e-04
4.60000000e+01 4.28532466e-04
9.10000000e+01 4.23292319e-04
8.4000000e+01 4.2403323e-04
9.00000000e+01 4.23371141e-04
4.70000000e+01 4.28363786e-04
5.30000000e+01 4.27525288e-04
7.90000000e+01 4.24624504e-04
4.50000000e+01 4.28689475e-04
5.10000000e+01 4.27743102e-04
8.60000000e+01 4.23835861e-04
9.2000000e+01 4.2320048e-04
9.30000000e+01 4.23086178e-04
8.70000000e+01 4.23726913e-04
5.00000000e+01 4.27897106e-04
7.80000000e+01 4.24741997e-04
