6.10000000e+01 4.76265283e-05
7.50000000e+01 4.25916787e-05
4.9000000e+01 5.0702724e-05
1.00000000e+02 3.50701444e-05
4.80000000e+01 5.10980158e-05
7.4000000e+01 4.2798683e-05
6.00000000e+01 4.81389665e-05
7.60000000e+01 4.21861953e-05
6.20000000e+01 4.71053311e-05
8.90000000e+01 3.75932501e-05
8.80000000e+01 3.79879671e-05
6.30000000e+01 4.68043028e-05
7.70000000e+01 4.17915088e-05
7.30000000e+01 4.30444908e-05
6.70000000e+01 4.47039931e-05
9.80000000e+01 3.56108097e-05
9.90000000e+01 3.53761146e-05
6.60000000e+01 4.54836346e-05
7.20000000e+01 4.33241014e-05
5.80000000e+01 4.80122458e-05
6.40000000e+01 4.63166994e-05
7.00000000e+01 4.37980536e-05
7.10000000e+01 4.33601863e-05
6.50000000e+01 4.58910824e-05
5.90000000e+01 4.85585339e-05
2.00000000e+00 7.06093578e-05
1.60000000e+01 6.33330217e-05
1.70000000e+01 6.26075438e-05
3.00000000e+00 6.92264815e-05
1.50000000e+01 6.37913037e-05
1.00000000e+00 7.28674505e-05
2.9000000e+01 5.7803319e-05
2.80000000e+01 5.85092117e-05
1.40000000e+01 6.37831057e-05
3.80000000e+01 5.35032889e-05
1.00000000e+01 6.60479528e-05
4.00000000e+00 6.89953946e-05
5.00000000e+00 6.85557094e-05
1.10000000e+01 6.52421123e-05
3.9000000e+01 5.3024669e-05
7.00000000e+00 6.84703254e-05
1.30000000e+01 6.45244956e-05
1.20000000e+01 6.43338305e-05
6.00000000e+00 6.84328743e-05
2.30000000e+01 5.92234825e-05
3.70000000e+01 5.39890711e-05
3.60000000e+01 5.44900593e-05
2.20000000e+01 5.96155289e-05
3.40000000e+01 5.52472203e-05
2.00000000e+01 6.07088376e-05
8.0000000e+00 6.7653996e-05
9.00000000e+00 6.68913159e-05
2.1000000e+01 5.9873189e-05
3.50000000e+01 5.48809196e-05
1.9000000e+01 6.1259117e-05
3.10000000e+01 5.65903179e-05
2.50000000e+01 5.84498004e-05
2.40000000e+01 5.84704623e-05
3.00000000e+01 5.68376675e-05
1.80000000e+01 6.20245103e-05
2.60000000e+01 5.78859619e-05
3.20000000e+01 5.61089354e-05
3.30000000e+01 5.54877007e-05
2.70000000e+01 5.83118957e-05
4.00000000e+01 5.23922071e-05
5.40000000e+01 4.88632322e-05
6.80000000e+01 4.47322549e-05
8.30000000e+01 3.99914193e-05
9.7000000e+01 3.5643901e-05
9.60000000e+01 3.60272994e-05
8.20000000e+01 4.02398685e-05
6.90000000e+01 4.43274425e-05
5.50000000e+01 4.83275486e-05
4.10000000e+01 5.18602694e-05
5.7000000e+01 4.7873613e-05
4.30000000e+01 5.09063857e-05
9.40000000e+01 3.66464803e-05
8.00000000e+01 4.05797339e-05
8.10000000e+01 4.06015624e-05
9.50000000e+01 3.64029509e-05
4.20000000e+01 5.13702952e-05
5.60000000e+01 4.78366075e-05
5.20000000e+01 4.96300264e-05
4.60000000e+01 5.09575702e-05
9.1000000e+01 3.7052665e-05
8.50000000e+01 3.92235872e-05
8.40000000e+01 3.96292769e-05
9.0000000e+01 3.7241617e-05
4.70000000e+01 5.08953221e-05
5.30000000e+01 4.93236575e-05
7.90000000e+01 4.09930828e-05
4.50000000e+01 5.08100218e-05
5.10000000e+01 5.01939922e-05
8.60000000e+01 3.87553532e-05
9.20000000e+01 3.66602674e-05
9.30000000e+01 3.62879429e-05
8.70000000e+01 3.84697724e-05
5.00000000e+01 5.06069811e-05
4.40000000e+01 5.06504019e-05
7.80000000e+01 4.14378086e-05
