2.50000000e+02 4.21414233e-04
3.00000000e+02 7.69401724e-03
3.50000000e+02 1.50211189e-02
4.00000000e+02 1.63598398e-01
450.           0.56678689
5.00000000e+02 4.21024086e-02
5.50000000e+02 1.26950156e-02
6.0000000e+02 7.4094943e-03
6.50000000e+02 5.40973882e-03
7.00000000e+02 3.72362351e-03
7.50000000e+02 1.95251451e-03
8.00000000e+02 9.44599345e-04
8.50000000e+02 5.23602194e-04
9.00000000e+02 4.56296728e-04
9.50000000e+02 5.74765516e-04
1.00000000e+03 5.68291918e-04
1.05000000e+03 4.73472784e-04
1.10000000e+03 5.87369665e-04
1.15000000e+03 8.15052314e-04
1.20000000e+03 1.42142472e-03
