2.50000000e+02 2.39528319e-01
300.           0.37506114
3.50000000e+02 2.14197352e-01
400.           0.43093074
450.           0.96802561
5.00000000e+02 9.59669832e-02
5.50000000e+02 2.70306863e-02
6.00000000e+02 1.55936177e-02
6.50000000e+02 1.13205868e-02
7.00000000e+02 7.81153276e-03
7.50000000e+02 4.08167691e-03
8.00000000e+02 1.96014153e-03
8.50000000e+02 1.08546328e-03
9.00000000e+02 9.46288582e-04
9.50000000e+02 1.16794044e-03
1.00000000e+03 1.17499393e-03
1.05000000e+03 9.78843387e-04
1.10000000e+03 1.20153544e-03
1.15000000e+03 1.64406214e-03
1.20000000e+03 2.81820472e-03
