6.10000000e+01 5.95218827e-03
7.50000000e+01 5.95221063e-03
4.90000000e+01 5.95243603e-03
1.0000e+02 5.9521e-03
4.80000000e+01 5.95248864e-03
7.40000000e+01 5.95219909e-03
6.00000000e+01 5.95218195e-03
7.60000000e+01 5.95220932e-03
6.20000000e+01 5.95220534e-03
8.90000000e+01 5.95216295e-03
8.80000000e+01 5.95216617e-03
6.30000000e+01 5.95222006e-03
7.70000000e+01 5.95221217e-03
7.30000000e+01 5.95219115e-03
6.70000000e+01 5.95219981e-03
9.80000000e+01 5.95208805e-03
9.90000000e+01 5.95208319e-03
6.60000000e+01 5.95219222e-03
6.40000000e+01 5.95223903e-03
7.00000000e+01 5.95218969e-03
7.10000000e+01 5.95218995e-03
1.6000000e+01 5.9527613e-03
1.70000000e+01 5.95273449e-03
3.         0.00595318
1.50000000e+01 5.95277731e-03
1.         0.00595328
2.90000000e+01 5.95238265e-03
2.80000000e+01 5.95236843e-03
1.40000000e+01 5.95278528e-03
3.80000000e+01 5.95242467e-03
1.00000000e+01 5.95298003e-03
4.         0.00595309
5.         0.00595309
1.10000000e+01 5.95298267e-03
3.90000000e+01 5.95243769e-03
7.00000000e+00 5.95309208e-03
1.30000000e+01 5.95290459e-03
1.20000000e+01 5.95298626e-03
6.00000000e+00 5.95308398e-03
2.30000000e+01 5.95250954e-03
3.70000000e+01 5.95242203e-03
3.60000000e+01 5.95241932e-03
2.20000000e+01 5.95255888e-03
2.0000000e+01 5.9526742e-03
8.00000000e+00 5.95302142e-03
9.00000000e+00 5.95300312e-03
2.10000000e+01 5.95264834e-03
3.50000000e+01 5.95239904e-03
1.90000000e+01 5.95270354e-03
3.10000000e+01 5.95239783e-03
2.50000000e+01 5.95246479e-03
2.40000000e+01 5.95249405e-03
3.0000000e+01 5.9523938e-03
1.80000000e+01 5.95271205e-03
2.60000000e+01 5.95243811e-03
3.2000000e+01 5.9523983e-03
3.30000000e+01 5.95239543e-03
4.00000000e+01 5.95244417e-03
5.40000000e+01 5.95248482e-03
6.80000000e+01 5.95219181e-03
8.30000000e+01 5.95219498e-03
9.70000000e+01 5.95208468e-03
9.60000000e+01 5.95208257e-03
8.20000000e+01 5.95219727e-03
6.90000000e+01 5.95217157e-03
4.10000000e+01 5.95244334e-03
4.30000000e+01 5.95248673e-03
9.40000000e+01 5.95210079e-03
8.00000000e+01 5.95220066e-03
8.10000000e+01 5.95220152e-03
9.500000e+01 5.952091e-03
4.20000000e+01 5.95246715e-03
5.60000000e+01 5.95245676e-03
5.20000000e+01 5.95247459e-03
4.6000000e+01 5.9524954e-03
9.10000000e+01 5.95213379e-03
8.50000000e+01 5.95218459e-03
8.40000000e+01 5.95219058e-03
9.00000000e+01 5.95215863e-03
4.7000000e+01 5.9525118e-03
5.30000000e+01 5.95247206e-03
7.90000000e+01 5.95220792e-03
4.50000000e+01 5.95248868e-03
5.10000000e+01 5.95246193e-03
8.60000000e+01 5.95218086e-03
9.20000000e+01 5.95211904e-03
9.30000000e+01 5.95210784e-03
8.70000000e+01 5.95216609e-03
5.00000000e+01 5.95244889e-03
4.4000000e+01 5.9524731e-03
7.80000000e+01 5.95221098e-03
