6.10000000e+01 4.05576926e-05
7.50000000e+01 3.78343844e-05
4.90000000e+01 4.41911248e-05
1.00000000e+02 3.21769093e-05
4.80000000e+01 4.45464695e-05
7.4000000e+01 3.7924642e-05
6.0000000e+01 4.0931826e-05
7.60000000e+01 3.72413676e-05
6.20000000e+01 4.00944382e-05
8.90000000e+01 3.41474742e-05
8.80000000e+01 3.43798298e-05
6.30000000e+01 3.99659904e-05
7.70000000e+01 3.69561519e-05
7.30000000e+01 3.80424371e-05
6.70000000e+01 3.90447833e-05
9.80000000e+01 3.25259417e-05
9.90000000e+01 3.23897257e-05
6.60000000e+01 3.90939945e-05
7.20000000e+01 3.81833256e-05
5.80000000e+01 4.17217317e-05
6.4000000e+01 3.9639261e-05
7.00000000e+01 3.83452743e-05
7.10000000e+01 3.80697259e-05
6.5000000e+01 3.9363679e-05
5.90000000e+01 4.12011684e-05
2.00000000e+00 6.28733833e-05
1.60000000e+01 5.50123327e-05
1.70000000e+01 5.44773641e-05
3.00000000e+00 6.18108494e-05
1.50000000e+01 5.56333642e-05
1.0000000e+00 6.4239541e-05
2.9000000e+01 4.9602398e-05
2.80000000e+01 5.01667395e-05
1.40000000e+01 5.62820914e-05
3.80000000e+01 4.68624243e-05
1.00000000e+01 5.86710372e-05
4.00000000e+00 6.18109136e-05
5.00000000e+00 6.14239154e-05
1.10000000e+01 5.80240797e-05
3.90000000e+01 4.65091812e-05
7.00000000e+00 6.03631677e-05
1.30000000e+01 5.69525723e-05
1.20000000e+01 5.72405098e-05
6.00000000e+00 6.05309747e-05
2.30000000e+01 5.18097936e-05
3.70000000e+01 4.72307504e-05
3.6000000e+01 4.7607551e-05
2.20000000e+01 5.20852499e-05
3.40000000e+01 4.82000498e-05
2.00000000e+01 5.29783803e-05
8.000000e+00 5.981026e-05
9.00000000e+00 5.93233274e-05
2.10000000e+01 5.22431761e-05
3.50000000e+01 4.79213622e-05
1.90000000e+01 5.34157351e-05
3.10000000e+01 4.92178639e-05
2.50000000e+01 5.06548693e-05
2.40000000e+01 5.12427538e-05
3.00000000e+01 4.95580048e-05
1.80000000e+01 5.40497519e-05
2.60000000e+01 5.02783292e-05
3.20000000e+01 4.88559881e-05
3.30000000e+01 4.83435484e-05
2.70000000e+01 4.98338132e-05
4.00000000e+01 4.59935994e-05
5.40000000e+01 4.25901695e-05
6.80000000e+01 3.89325704e-05
8.30000000e+01 3.57013621e-05
9.70000000e+01 3.24556515e-05
9.60000000e+01 3.27310441e-05
8.20000000e+01 3.58475664e-05
6.90000000e+01 3.86981776e-05
5.50000000e+01 4.21434051e-05
4.10000000e+01 4.55671033e-05
5.70000000e+01 4.18836156e-05
4.30000000e+01 4.47921881e-05
9.40000000e+01 3.31194666e-05
8.00000000e+01 3.60210625e-05
8.10000000e+01 3.61181496e-05
9.50000000e+01 3.29947927e-05
4.20000000e+01 4.51720827e-05
5.60000000e+01 4.17276871e-05
5.20000000e+01 4.31321528e-05
4.60000000e+01 4.43092586e-05
9.10000000e+01 3.39056967e-05
8.50000000e+01 3.51509861e-05
8.40000000e+01 3.54340004e-05
9.000000e+01 3.394945e-05
4.70000000e+01 4.42980095e-05
5.30000000e+01 4.29483227e-05
7.90000000e+01 3.63495035e-05
4.50000000e+01 4.44023411e-05
5.10000000e+01 4.34424823e-05
8.60000000e+01 3.48405005e-05
9.20000000e+01 3.36520129e-05
9.30000000e+01 3.34118198e-05
8.70000000e+01 3.47055081e-05
5.00000000e+01 4.38245269e-05
4.40000000e+01 4.46114302e-05
7.80000000e+01 3.67031028e-05
