6.1000000e+01 3.7352066e-04
7.50000000e+01 3.03254179e-04
4.90000000e+01 4.53472994e-04
1.00000000e+02 2.15863819e-04
4.80000000e+01 4.77757604e-04
7.40000000e+01 3.07758458e-04
6.00000000e+01 3.79210639e-04
7.60000000e+01 2.98625724e-04
6.20000000e+01 3.67907351e-04
8.90000000e+01 2.52395068e-04
8.80000000e+01 2.56306585e-04
6.30000000e+01 3.62565098e-04
7.70000000e+01 2.94166801e-04
7.30000000e+01 3.12373068e-04
6.70000000e+01 3.41546806e-04
9.80000000e+01 2.21871207e-04
9.90000000e+01 2.18832707e-04
6.60000000e+01 3.46512396e-04
7.20000000e+01 3.17106438e-04
5.80000000e+01 3.89659502e-04
6.40000000e+01 3.57108186e-04
7.00000000e+01 3.26640364e-04
7.10000000e+01 3.21668662e-04
6.50000000e+01 3.51772671e-04
5.90000000e+01 3.84847733e-04
2.00000000e+00 6.80891182e-04
1.60000000e+01 6.05219442e-04
1.70000000e+01 6.02238871e-04
3.00000000e+00 6.72505478e-04
1.50000000e+01 6.11190769e-04
1.0000000e+00 6.9262637e-04
2.90000000e+01 5.46131675e-04
2.80000000e+01 5.51392656e-04
1.40000000e+01 6.20827438e-04
3.8000000e+01 5.0356258e-04
1.00000000e+01 6.35713158e-04
4.00000000e+00 6.66032128e-04
5.00000000e+00 6.59575384e-04
1.10000000e+01 6.29890892e-04
3.90000000e+01 4.98791208e-04
7.00000000e+00 6.48023507e-04
1.30000000e+01 6.43209692e-04
1.20000000e+01 6.46519453e-04
6.00000000e+00 6.53685769e-04
2.30000000e+01 5.77502395e-04
3.7000000e+01 5.0839753e-04
3.60000000e+01 5.13289925e-04
2.20000000e+01 5.82554492e-04
3.40000000e+01 5.22510831e-04
2.00000000e+01 5.87846428e-04
8.00000000e+00 6.42024001e-04
9.00000000e+00 6.40577055e-04
2.10000000e+01 5.87384052e-04
3.50000000e+01 5.17954496e-04
1.90000000e+01 5.92596662e-04
3.10000000e+01 5.37003671e-04
2.50000000e+01 5.66098856e-04
2.40000000e+01 5.71448972e-04
3.00000000e+01 5.41762421e-04
1.80000000e+01 5.97659651e-04
2.60000000e+01 5.60391706e-04
3.20000000e+01 5.32010959e-04
3.30000000e+01 5.26994856e-04
2.70000000e+01 5.55906391e-04
4.00000000e+01 4.93734819e-04
5.40000000e+01 4.11733268e-04
6.80000000e+01 3.36828424e-04
8.30000000e+01 2.77080076e-04
9.70000000e+01 2.24830143e-04
9.60000000e+01 2.28113871e-04
8.20000000e+01 2.73093551e-04
6.9000000e+01 3.3178794e-04
5.500000e+01 4.059092e-04
4.10000000e+01 4.87398232e-04
5.70000000e+01 3.94939507e-04
4.30000000e+01 4.75234717e-04
9.40000000e+01 2.34823624e-04
8.00000000e+01 2.81331997e-04
8.10000000e+01 2.77693576e-04
9.50000000e+01 2.31512586e-04
4.20000000e+01 4.81228184e-04
5.60000000e+01 4.00067693e-04
5.20000000e+01 4.23503323e-04
4.60000000e+01 5.09965594e-04
9.10000000e+01 2.44935283e-04
8.50000000e+01 2.68502433e-04
8.40000000e+01 2.72764925e-04
9.00000000e+01 2.48538036e-04
4.70000000e+01 5.08611829e-04
5.30000000e+01 4.17619869e-04
7.90000000e+01 2.85617903e-04
4.50000000e+01 4.64433965e-04
5.1000000e+01 4.3070476e-04
8.60000000e+01 2.64323437e-04
9.20000000e+01 2.41205527e-04
9.30000000e+01 2.37580884e-04
8.70000000e+01 2.60381341e-04
5.00000000e+01 4.39776495e-04
4.40000000e+01 4.69582282e-04
7.80000000e+01 2.89701386e-04
