6.10000000e+01 1.00972174e-03
7.50000000e+01 1.00558376e-03
4.900000e+01 1.013402e-03
1.0000000e+02 1.0000361e-03
4.80000000e+01 1.01381278e-03
7.40000000e+01 1.00590243e-03
6.00000000e+01 1.01003743e-03
7.60000000e+01 1.00528604e-03
6.20000000e+01 1.00937903e-03
8.90000000e+01 1.00283635e-03
8.80000000e+01 1.00301017e-03
6.3000000e+01 1.0090706e-03
7.70000000e+01 1.00497504e-03
7.30000000e+01 1.00622206e-03
6.70000000e+01 1.00799628e-03
9.80000000e+01 1.00049013e-03
9.90000000e+01 1.00028216e-03
6.60000000e+01 1.00836124e-03
7.2000000e+01 1.0064543e-03
5.80000000e+01 1.01072514e-03
6.40000000e+01 1.00876642e-03
7.00000000e+01 1.00714429e-03
7.10000000e+01 1.00679834e-03
6.50000000e+01 1.00865868e-03
5.90000000e+01 1.01035823e-03
2.00000000e+00 1.03648956e-03
1.60000000e+01 1.02744202e-03
3.00000000e+00 1.03559242e-03
1.50000000e+01 1.02816184e-03
1.         0.00103693
2.90000000e+01 1.02074755e-03
2.80000000e+01 1.02124245e-03
1.40000000e+01 1.02879595e-03
3.80000000e+01 1.01740165e-03
1.00000000e+01 1.03092968e-03
4.00000000e+00 1.03482362e-03
5.00000000e+00 1.03423552e-03
1.10000000e+01 1.03038046e-03
3.90000000e+01 1.01724526e-03
7.00000000e+00 1.03277193e-03
1.20000000e+01 1.02972281e-03
6.00000000e+00 1.03344101e-03
2.30000000e+01 1.02361073e-03
3.70000000e+01 1.01783937e-03
3.60000000e+01 1.01829824e-03
2.2000000e+01 1.0241427e-03
3.4000000e+01 1.0188804e-03
2.00000000e+01 1.02527637e-03
8.00000000e+00 1.03214109e-03
9.00000000e+00 1.03159427e-03
2.10000000e+01 1.02470977e-03
3.50000000e+01 1.01872323e-03
1.90000000e+01 1.02569315e-03
3.10000000e+01 1.01990812e-03
2.50000000e+01 1.02260324e-03
3.00000000e+01 1.02028398e-03
1.80000000e+01 1.02630328e-03
3.20000000e+01 1.01948832e-03
3.30000000e+01 1.01928924e-03
4.00000000e+01 1.01682561e-03
5.40000000e+01 1.01209215e-03
6.80000000e+01 1.00771943e-03
8.3000000e+01 1.0031795e-03
9.70000000e+01 1.00073297e-03
9.60000000e+01 1.00099374e-03
8.2000000e+01 1.0034756e-03
6.90000000e+01 1.00745385e-03
5.50000000e+01 1.01171677e-03
4.10000000e+01 1.01656059e-03
4.30000000e+01 1.01581395e-03
9.40000000e+01 1.00150013e-03
8.00000000e+01 1.00408037e-03
8.10000000e+01 1.00377735e-03
9.50000000e+01 1.00127223e-03
5.6000000e+01 1.0114273e-03
5.20000000e+01 1.01262581e-03
4.60000000e+01 1.01458473e-03
9.10000000e+01 1.00230876e-03
8.40000000e+01 1.00287069e-03
9.00000000e+01 1.00254918e-03
4.70000000e+01 1.01420213e-03
5.30000000e+01 1.01242878e-03
7.90000000e+01 1.00438434e-03
4.50000000e+01 1.01496264e-03
5.100000e+01 1.012913e-03
8.60000000e+01 1.00359733e-03
9.20000000e+01 1.00206228e-03
9.30000000e+01 1.00178426e-03
8.70000000e+01 1.00330608e-03
5.0000000e+01 1.0133196e-03
7.8000000e+01 1.0046905e-03
