6.10000000e+01 3.48516317e-03
7.50000000e+01 3.48508731e-03
4.90000000e+01 3.48521804e-03
1.00000000e+02 3.48494216e-03
4.80000000e+01 3.48527516e-03
7.40000000e+01 3.48507986e-03
6.00000000e+01 3.48516281e-03
7.60000000e+01 3.48508251e-03
6.20000000e+01 3.48517395e-03
8.90000000e+01 3.48502466e-03
8.80000000e+01 3.48502779e-03
6.30000000e+01 3.48518206e-03
7.70000000e+01 3.48508231e-03
7.30000000e+01 3.48507417e-03
6.7000000e+01 3.4851318e-03
9.80000000e+01 3.48494314e-03
9.90000000e+01 3.48493215e-03
6.60000000e+01 3.48513256e-03
6.40000000e+01 3.48519411e-03
7.00000000e+01 3.48507749e-03
7.10000000e+01 3.48507651e-03
1.6000000e+01 3.4854889e-03
1.70000000e+01 3.48547179e-03
3.         0.00348585
1.5000000e+01 3.4854976e-03
1.         0.00348594
2.90000000e+01 3.48519928e-03
2.80000000e+01 3.48518126e-03
1.40000000e+01 3.48549693e-03
3.80000000e+01 3.48524204e-03
1.00000000e+01 3.48565099e-03
4.00000000e+00 3.48575505e-03
5.00000000e+00 3.48575618e-03
1.10000000e+01 3.48565496e-03
3.90000000e+01 3.48525403e-03
7.00000000e+00 3.48575989e-03
1.30000000e+01 3.48560473e-03
1.20000000e+01 3.48565989e-03
6.00000000e+00 3.48575084e-03
2.30000000e+01 3.48529242e-03
3.70000000e+01 3.48523981e-03
3.600000e+01 3.485237e-03
2.2000000e+01 3.4853339e-03
2.00000000e+01 3.48543473e-03
8.00000000e+00 3.48568994e-03
9.00000000e+00 3.48567271e-03
2.10000000e+01 3.48541509e-03
3.50000000e+01 3.48521638e-03
1.90000000e+01 3.48545739e-03
3.10000000e+01 3.48521634e-03
2.50000000e+01 3.48526041e-03
2.40000000e+01 3.48528359e-03
3.0000000e+01 3.4852121e-03
1.80000000e+01 3.48545847e-03
2.60000000e+01 3.48523976e-03
3.20000000e+01 3.48521655e-03
3.30000000e+01 3.48521172e-03
4.0000000e+01 3.4852592e-03
5.40000000e+01 3.48524773e-03
6.80000000e+01 3.48511389e-03
8.30000000e+01 3.48505996e-03
9.7000000e+01 3.4849449e-03
9.60000000e+01 3.48494688e-03
8.20000000e+01 3.48506345e-03
6.90000000e+01 3.48507907e-03
4.10000000e+01 3.48525713e-03
4.30000000e+01 3.48529838e-03
9.40000000e+01 3.48496245e-03
8.00000000e+01 3.48506905e-03
8.10000000e+01 3.48506877e-03
9.50000000e+01 3.48495783e-03
4.20000000e+01 3.48527982e-03
5.60000000e+01 3.48520902e-03
5.20000000e+01 3.48524563e-03
4.60000000e+01 3.48529721e-03
9.10000000e+01 3.48499363e-03
8.50000000e+01 3.48504594e-03
8.40000000e+01 3.48505299e-03
9.00000000e+01 3.48501933e-03
4.70000000e+01 3.48530485e-03
5.30000000e+01 3.48524045e-03
7.90000000e+01 3.48507743e-03
4.50000000e+01 3.48529799e-03
5.10000000e+01 3.48523616e-03
8.60000000e+01 3.48504339e-03
9.20000000e+01 3.48497937e-03
9.3000000e+01 3.4849705e-03
8.70000000e+01 3.48502796e-03
5.0000000e+01 3.4852271e-03
4.40000000e+01 3.48528363e-03
7.80000000e+01 3.48508022e-03
