6.10000000e+01 5.49785078e-04
7.50000000e+01 5.49807429e-04
4.90000000e+01 5.50032832e-04
1.00000000e+02 5.49696808e-04
4.80000000e+01 5.50085446e-04
7.40000000e+01 5.49795896e-04
6.00000000e+01 5.49778751e-04
7.60000000e+01 5.49806128e-04
6.20000000e+01 5.49802144e-04
8.90000000e+01 5.49759753e-04
8.80000000e+01 5.49762974e-04
6.3000000e+01 5.4981686e-04
7.7000000e+01 5.4980897e-04
7.3000000e+01 5.4978795e-04
6.70000000e+01 5.49796612e-04
9.80000000e+01 5.49684857e-04
9.90000000e+01 5.49679997e-04
6.60000000e+01 5.49789029e-04
6.40000000e+01 5.49835837e-04
7.00000000e+01 5.49786493e-04
7.10000000e+01 5.49786753e-04
1.60000000e+01 5.50358104e-04
1.70000000e+01 5.50331296e-04
3.00000000e+00 5.50781627e-04
1.5000000e+01 5.5037411e-04
1.00000000e+00 5.50879226e-04
2.90000000e+01 5.49979454e-04
2.8000000e+01 5.4996523e-04
1.40000000e+01 5.50382087e-04
3.80000000e+01 5.50021475e-04
1.00000000e+01 5.50576836e-04
4.00000000e+00 5.50685979e-04
5.00000000e+00 5.50686726e-04
1.10000000e+01 5.50579472e-04
3.90000000e+01 5.50034494e-04
7.00000000e+00 5.50688881e-04
1.30000000e+01 5.50501392e-04
1.20000000e+01 5.50583067e-04
6.00000000e+00 5.50680789e-04
2.30000000e+01 5.50106343e-04
3.70000000e+01 5.50018829e-04
3.60000000e+01 5.50016127e-04
2.20000000e+01 5.50155682e-04
2.00000000e+01 5.50271008e-04
8.00000000e+00 5.50618221e-04
9.00000000e+00 5.50599928e-04
2.10000000e+01 5.50245148e-04
3.50000000e+01 5.49995844e-04
1.90000000e+01 5.50300341e-04
3.10000000e+01 5.49994637e-04
2.5000000e+01 5.5006159e-04
2.4000000e+01 5.5009085e-04
3.00000000e+01 5.49990603e-04
1.80000000e+01 5.50308857e-04
2.60000000e+01 5.50034911e-04
3.20000000e+01 5.49995106e-04
3.30000000e+01 5.49992231e-04
4.00000000e+01 5.50040976e-04
5.40000000e+01 5.50081629e-04
6.8000000e+01 5.4978861e-04
8.30000000e+01 5.49791789e-04
9.70000000e+01 5.49681483e-04
9.60000000e+01 5.49679374e-04
8.20000000e+01 5.49794074e-04
6.90000000e+01 5.49768375e-04
4.10000000e+01 5.50040145e-04
4.30000000e+01 5.50083537e-04
9.40000000e+01 5.49697591e-04
8.00000000e+01 5.49797467e-04
8.10000000e+01 5.49798321e-04
9.50000000e+01 5.49687801e-04
4.20000000e+01 5.50063953e-04
5.60000000e+01 5.50053567e-04
5.20000000e+01 5.50071392e-04
4.60000000e+01 5.50092205e-04
9.10000000e+01 5.49730598e-04
8.50000000e+01 5.49781391e-04
8.4000000e+01 5.4978738e-04
9.00000000e+01 5.49755435e-04
4.70000000e+01 5.50108609e-04
5.30000000e+01 5.50068869e-04
7.90000000e+01 5.49804724e-04
4.50000000e+01 5.50085481e-04
5.10000000e+01 5.50058735e-04
8.60000000e+01 5.49777665e-04
9.2000000e+01 5.4971584e-04
9.30000000e+01 5.49704647e-04
8.70000000e+01 5.49762899e-04
5.00000000e+01 5.50045691e-04
4.40000000e+01 5.50069909e-04
7.80000000e+01 5.49807789e-04
