6.10000000e+01 2.41657531e-04
7.50000000e+01 2.41655405e-04
4.90000000e+01 2.41682266e-04
1.00000000e+02 2.41577946e-04
4.80000000e+01 2.41670201e-04
7.4000000e+01 2.4165207e-04
6.0000000e+01 2.4165077e-04
7.60000000e+01 2.41652148e-04
6.2000000e+01 2.4166489e-04
8.90000000e+01 2.41631836e-04
8.80000000e+01 2.41630195e-04
6.30000000e+01 2.41669319e-04
7.70000000e+01 2.41651226e-04
7.30000000e+01 2.41649901e-04
6.70000000e+01 2.41660965e-04
9.80000000e+01 2.41587135e-04
9.90000000e+01 2.41570291e-04
6.60000000e+01 2.41661174e-04
6.40000000e+01 2.41679089e-04
7.00000000e+01 2.41652813e-04
7.10000000e+01 2.41653592e-04
1.60000000e+01 2.41726111e-04
1.70000000e+01 2.41715158e-04
3.00000000e+00 2.41803169e-04
1.50000000e+01 2.41734904e-04
1.00000000e+00 2.41833239e-04
2.90000000e+01 2.41584879e-04
2.80000000e+01 2.41577817e-04
1.40000000e+01 2.41735886e-04
3.80000000e+01 2.41599713e-04
1.00000000e+01 2.41734366e-04
4.00000e+00 2.41794e-04
5.00000000e+00 2.41791685e-04
1.10000000e+01 2.41733732e-04
3.90000000e+01 2.41610505e-04
7.00000000e+00 2.41773318e-04
1.30000000e+01 2.41745259e-04
1.20000000e+01 2.41744887e-04
6.00000000e+00 2.41772292e-04
2.30000000e+01 2.41632804e-04
3.70000000e+01 2.41608686e-04
3.6000000e+01 2.4159864e-04
2.20000000e+01 2.41641385e-04
2.00000000e+01 2.41681636e-04
8.00000000e+00 2.41768135e-04
9.00000000e+00 2.41746247e-04
2.10000000e+01 2.41665365e-04
3.50000000e+01 2.41592835e-04
1.90000000e+01 2.41700148e-04
3.10000000e+01 2.41583952e-04
2.50000000e+01 2.41595683e-04
2.40000000e+01 2.41623724e-04
3.00000000e+01 2.41587725e-04
1.80000000e+01 2.41701703e-04
2.60000000e+01 2.41569338e-04
3.20000000e+01 2.41578945e-04
3.30000000e+01 2.41585147e-04
4.00000000e+01 2.41615337e-04
5.40000000e+01 2.41701555e-04
6.80000000e+01 2.41658502e-04
8.30000000e+01 2.41640007e-04
9.70000000e+01 2.41589032e-04
9.60000000e+01 2.41588158e-04
8.20000000e+01 2.41641924e-04
6.9000000e+01 2.4165343e-04
4.10000000e+01 2.41606734e-04
4.3000000e+01 2.4163044e-04
9.40000000e+01 2.41596662e-04
8.00000000e+01 2.41643142e-04
8.10000000e+01 2.41644975e-04
9.50000000e+01 2.41594372e-04
4.20000000e+01 2.41620277e-04
5.6000000e+01 2.4165652e-04
5.20000000e+01 2.41693893e-04
4.60000000e+01 2.41646998e-04
9.10000000e+01 2.41613376e-04
8.50000000e+01 2.41636053e-04
8.40000000e+01 2.41636909e-04
9.0000000e+01 2.4163072e-04
4.70000000e+01 2.41657299e-04
5.30000000e+01 2.41698594e-04
7.9000000e+01 2.4164727e-04
4.50000000e+01 2.41639094e-04
5.100000e+01 2.416895e-04
8.6000000e+01 2.4163803e-04
9.2000000e+01 2.4161345e-04
9.30000000e+01 2.41605736e-04
8.7000000e+01 2.4162615e-04
5.00000000e+01 2.41684843e-04
4.40000000e+01 2.41630022e-04
7.8000000e+01 2.4164714e-04
