6.10000000e+01 3.73823025e-02
7.5000000e+01 3.7377672e-02
4.90000000e+01 3.73865202e-02
1.00000000e+02 3.73712763e-02
4.80000000e+01 3.73869871e-02
7.40000000e+01 3.73780159e-02
6.00000000e+01 3.73826539e-02
7.60000000e+01 3.73773403e-02
6.20000000e+01 3.73819205e-02
8.90000000e+01 3.73744461e-02
8.8000000e+01 3.7374647e-02
6.30000000e+01 3.73815738e-02
7.70000000e+01 3.73769958e-02
7.30000000e+01 3.73783658e-02
6.70000000e+01 3.73803575e-02
9.80000000e+01 3.73717986e-02
9.90000000e+01 3.73715562e-02
6.60000000e+01 3.73807566e-02
7.20000000e+01 3.73786307e-02
5.80000000e+01 3.73834189e-02
6.40000000e+01 3.73812388e-02
7.00000000e+01 3.73793918e-02
7.10000000e+01 3.73790092e-02
6.50000000e+01 3.73810903e-02
5.90000000e+01 3.73830089e-02
2.         0.03741322
16.          0.03740297
3.         0.03741222
15.          0.03740377
1.         0.03741381
29.          0.03739526
28.          0.03739583
14.          0.03740449
3.80000000e+01 3.73912524e-02
10.          0.03740695
4.         0.03741135
5.         0.03741067
11.          0.03740632
3.9000000e+01 3.7391014e-02
7.         0.03740904
12.          0.03740559
6.        0.0374098
23.          0.03739858
37.          0.03739177
36.         0.0373923
22.          0.03739919
34.          0.03739303
20.          0.03740047
8.         0.03740832
9.         0.03740769
21.          0.03739983
35.         0.0373928
19.          0.03740097
31.          0.03739428
25.          0.03739742
30.          0.03739473
18.          0.03740166
32.          0.03739378
33.          0.03739351
4.00000000e+01 3.73905208e-02
5.40000000e+01 3.73849431e-02
6.80000000e+01 3.73800454e-02
8.30000000e+01 3.73749928e-02
9.7000000e+01 3.7372077e-02
9.60000000e+01 3.73723753e-02
8.20000000e+01 3.73753206e-02
6.90000000e+01 3.73797444e-02
5.50000000e+01 3.73845353e-02
4.10000000e+01 3.73901865e-02
4.30000000e+01 3.73893088e-02
9.40000000e+01 3.73729474e-02
8.00000000e+01 3.73759929e-02
8.1000000e+01 3.7375656e-02
9.50000000e+01 3.73726889e-02
5.60000000e+01 3.73842034e-02
5.20000000e+01 3.73855796e-02
4.6000000e+01 3.7387882e-02
9.10000000e+01 3.73738588e-02
8.40000000e+01 3.73746544e-02
9.00000000e+01 3.73741352e-02
4.70000000e+01 3.73874375e-02
5.30000000e+01 3.73853303e-02
7.90000000e+01 3.73763327e-02
4.50000000e+01 3.73883228e-02
5.10000000e+01 3.73859218e-02
8.60000000e+01 3.73752978e-02
9.20000000e+01 3.73735773e-02
9.30000000e+01 3.73732648e-02
8.70000000e+01 3.73749719e-02
5.00000000e+01 3.73863838e-02
7.80000000e+01 3.73766783e-02
