6.1000000e+01 2.7582679e-02
7.5000000e+01 2.7579774e-02
4.90000000e+01 2.75863717e-02
1.00000000e+02 2.75723197e-02
4.80000000e+01 2.75867316e-02
7.40000000e+01 2.75798817e-02
6.00000000e+01 2.75831156e-02
7.60000000e+01 2.75794587e-02
6.20000000e+01 2.75822369e-02
8.90000000e+01 2.75748777e-02
8.80000000e+01 2.75751779e-02
6.30000000e+01 2.75820542e-02
7.70000000e+01 2.75791497e-02
7.3000000e+01 2.7580019e-02
6.70000000e+01 2.75809594e-02
9.80000000e+01 2.75727585e-02
9.90000000e+01 2.75725763e-02
6.60000000e+01 2.75810462e-02
7.20000000e+01 2.75801811e-02
5.80000000e+01 2.75828201e-02
6.4000000e+01 2.7581678e-02
7.00000000e+01 2.75803901e-02
7.10000000e+01 2.75800902e-02
6.50000000e+01 2.75813571e-02
5.90000000e+01 2.75834543e-02
2.         0.02760522
16.          0.02759797
17.          0.02759727
3.         0.02760398
15.         0.0275984
1.         0.02760685
2.90000000e+01 2.75917845e-02
2.80000000e+01 2.75924419e-02
14.          0.02759907
3.80000000e+01 2.75887322e-02
10.          0.02760118
4.         0.02760382
5.         0.02760343
11.          0.02760042
3.90000000e+01 2.75882986e-02
7.         0.02760312
13.          0.02759978
12.          0.02759955
6.         0.02760337
23.          0.02759401
3.70000000e+01 2.75891719e-02
3.60000000e+01 2.75896254e-02
22.          0.02759438
3.40000000e+01 2.75902821e-02
20.          0.02759543
8.         0.02760251
9.         0.02760196
21.          0.02759462
3.50000000e+01 2.75899671e-02
19.          0.02759596
3.10000000e+01 2.75914657e-02
25.          0.02759327
24.          0.02759327
3.00000000e+01 2.75916589e-02
18.          0.02759671
26.          0.02759276
3.20000000e+01 2.75910381e-02
3.30000000e+01 2.75904705e-02
27.         0.0275922
4.00000000e+01 2.75877102e-02
5.40000000e+01 2.75839083e-02
6.80000000e+01 2.75810324e-02
8.30000000e+01 2.75767448e-02
9.70000000e+01 2.75727355e-02
9.60000000e+01 2.75730599e-02
8.20000000e+01 2.75779381e-02
6.90000000e+01 2.75807692e-02
5.50000000e+01 2.75833951e-02
4.10000000e+01 2.75872212e-02
5.70000000e+01 2.75830309e-02
4.30000000e+01 2.75863493e-02
9.40000000e+01 2.75735506e-02
8.00000000e+01 2.75781563e-02
8.1000000e+01 2.7578238e-02
9.50000000e+01 2.75733733e-02
4.20000000e+01 2.75867732e-02
5.60000000e+01 2.75829245e-02
5.20000000e+01 2.75850831e-02
4.60000000e+01 2.75865157e-02
9.10000000e+01 2.75745084e-02
8.50000000e+01 2.75760971e-02
8.40000000e+01 2.75764286e-02
9.00000000e+01 2.75746145e-02
4.70000000e+01 2.75864916e-02
5.30000000e+01 2.75848041e-02
7.9000000e+01 2.7578502e-02
4.5000000e+01 2.7586329e-02
5.10000000e+01 2.75855029e-02
8.60000000e+01 2.75757396e-02
9.20000000e+01 2.75741955e-02
9.3000000e+01 2.7573898e-02
8.70000000e+01 2.75755595e-02
5.0000000e+01 2.7586002e-02
4.40000000e+01 2.75861293e-02
7.8000000e+01 2.7578875e-02
