6.10000000e+01 1.47501972e-05
7.50000000e+01 1.33696304e-05
4.90000000e+01 1.64465858e-05
1.00000000e+02 1.07578876e-05
4.80000000e+01 1.65970484e-05
7.40000000e+01 1.34276156e-05
6.00000000e+01 1.48889752e-05
7.6000000e+01 1.3243769e-05
6.20000000e+01 1.46044164e-05
8.90000000e+01 1.16673709e-05
8.80000000e+01 1.17328249e-05
6.30000000e+01 1.45218255e-05
7.70000000e+01 1.31460855e-05
7.30000000e+01 1.35751064e-05
6.70000000e+01 1.42241663e-05
9.80000000e+01 1.08637457e-05
9.90000000e+01 1.08041996e-05
6.60000000e+01 1.41752936e-05
7.20000000e+01 1.37143074e-05
5.80000000e+01 1.52289186e-05
6.40000000e+01 1.43596061e-05
7.00000000e+01 1.38168765e-05
7.10000000e+01 1.37550212e-05
6.50000000e+01 1.42996673e-05
5.9000000e+01 1.5090034e-05
2.00000000e+00 2.67727982e-05
1.60000000e+01 2.24610829e-05
1.70000000e+01 2.21747283e-05
3.0000000e+00 2.6126535e-05
1.5000000e+01 2.2756252e-05
1.00000000e+00 2.74104796e-05
2.90000000e+01 1.98255325e-05
2.80000000e+01 2.00493746e-05
1.40000000e+01 2.30391402e-05
3.80000000e+01 1.80033906e-05
1.000000e+01 2.433574e-05
4.00000000e+00 2.58293649e-05
5.00000000e+00 2.55829011e-05
1.10000000e+01 2.39729242e-05
3.90000000e+01 1.78016688e-05
7.00000000e+00 2.51193257e-05
1.30000000e+01 2.33842762e-05
1.20000000e+01 2.36516855e-05
6.00000000e+00 2.52555588e-05
2.30000000e+01 2.09174459e-05
3.70000000e+01 1.82165471e-05
3.60000000e+01 1.84333098e-05
2.20000000e+01 2.11265973e-05
3.40000000e+01 1.87376379e-05
2.00000000e+01 2.14923747e-05
8.00000000e+00 2.47930867e-05
9.00000000e+00 2.44974711e-05
2.10000000e+01 2.12941917e-05
3.50000000e+01 1.86325434e-05
1.90000000e+01 2.17235512e-05
3.10000000e+01 1.94592338e-05
2.50000000e+01 2.04670711e-05
2.40000000e+01 2.07121977e-05
3.00000000e+01 1.96050854e-05
1.80000000e+01 2.19725931e-05
2.60000000e+01 2.03783582e-05
3.20000000e+01 1.92236589e-05
3.30000000e+01 1.89924323e-05
2.70000000e+01 2.02487162e-05
4.000000e+01 1.763226e-05
5.40000000e+01 1.57993779e-05
6.80000000e+01 1.40706174e-05
8.30000000e+01 1.23477431e-05
9.7000000e+01 1.0971906e-05
9.60000000e+01 1.11262186e-05
8.20000000e+01 1.24497737e-05
6.90000000e+01 1.40310344e-05
5.50000000e+01 1.55911126e-05
4.1000000e+01 1.7525699e-05
5.70000000e+01 1.52631578e-05
4.30000000e+01 1.73759442e-05
9.40000000e+01 1.13112173e-05
8.00000000e+01 1.27684422e-05
8.10000000e+01 1.26168907e-05
9.50000000e+01 1.12369518e-05
4.2000000e+01 1.7471416e-05
5.60000000e+01 1.54177977e-05
5.20000000e+01 1.59528942e-05
4.60000000e+01 1.69093549e-05
9.10000000e+01 1.15168737e-05
8.50000000e+01 1.20537545e-05
8.400000e+01 1.223302e-05
9.00000000e+01 1.15959365e-05
4.70000000e+01 1.67834783e-05
5.30000000e+01 1.59389568e-05
7.90000000e+01 1.29225995e-05
4.50000000e+01 1.70676632e-05
5.10000000e+01 1.60695583e-05
8.60000000e+01 1.19143927e-05
9.20000000e+01 1.14497162e-05
9.30000000e+01 1.14276868e-05
8.70000000e+01 1.18627592e-05
5.00000000e+01 1.62416672e-05
4.40000000e+01 1.71682233e-05
7.80000000e+01 1.30787586e-05
