2.50000000e+02 9.69624193e-02
3.00000000e+02 2.10989952e-01
3.5000000e+02 1.1784975e-01
4.00000000e+02 1.92347152e-01
4.50000000e+02 1.02844202e-01
5.00000000e+02 2.31390685e-02
5.50000000e+02 1.30453154e-02
6.0000000e+02 1.6125227e-02
6.50000000e+02 3.14079964e-02
7.0000000e+02 4.6734913e-02
7.50000000e+02 5.17388019e-02
8.00000000e+02 1.23518117e-01
8.50000000e+02 6.39424156e-02
9.00000000e+02 3.27307023e-02
9.50000000e+02 3.10811014e-02
1.00000000e+03 3.21107433e-02
1.0500000e+03 3.0970528e-02
1.10000000e+03 3.12361383e-02
1.15000000e+03 3.95336855e-02
1.20000000e+03 4.86216712e-02
