2.50000000e+02 4.33404358e-06
3.00000000e+02 6.72374386e-04
3.50000000e+02 2.49528156e-03
4.00000000e+02 1.41864281e-02
4.50000000e+02 1.69924466e-02
5.00000000e+02 7.19350399e-03
5.5000000e+02 6.5989939e-03
6.0000000e+02 1.1297339e-02
6.50000000e+02 2.60317187e-02
7.00000000e+02 4.40878855e-02
7.50000000e+02 5.40435817e-02
8.00000000e+02 1.29064465e-01
8.50000000e+02 5.61621672e-02
9.00000000e+02 3.09549215e-02
9.50000000e+02 2.97884635e-02
1.00000000e+03 3.06980383e-02
1.05000000e+03 2.98558915e-02
1.10000000e+03 3.04223306e-02
1.15000000e+03 3.79917844e-02
1.20000000e+03 4.77535749e-02
