6.10000000e+01 1.41052297e-03
7.5000000e+01 1.4090389e-03
4.90000000e+01 1.41199841e-03
1.00000000e+02 1.40638149e-03
4.80000000e+01 1.41216682e-03
7.40000000e+01 1.40917738e-03
6.00000000e+01 1.41061391e-03
7.60000000e+01 1.40892096e-03
6.20000000e+01 1.41035033e-03
8.9000000e+01 1.4074371e-03
8.80000000e+01 1.40755092e-03
6.30000000e+01 1.41023476e-03
7.7000000e+01 1.4087935e-03
7.30000000e+01 1.40929845e-03
6.70000000e+01 1.40984587e-03
9.80000000e+01 1.40652886e-03
9.90000000e+01 1.40647196e-03
6.60000000e+01 1.41000448e-03
7.20000000e+01 1.40931992e-03
5.8000000e+01 1.4108472e-03
6.40000000e+01 1.41012456e-03
7.00000000e+01 1.40957499e-03
7.10000000e+01 1.40944745e-03
6.50000000e+01 1.41010494e-03
5.90000000e+01 1.41070957e-03
2.00000000e+00 1.42231736e-03
1.60000000e+01 1.41856138e-03
3.00000000e+00 1.42218708e-03
1.50000000e+01 1.41888868e-03
1.        0.0014228
2.9000000e+01 1.4155318e-03
2.80000000e+01 1.41576588e-03
1.40000000e+01 1.41913978e-03
3.80000000e+01 1.41381461e-03
1.00000000e+01 1.42020184e-03
4.00000000e+00 1.42190771e-03
5.00000000e+00 1.42166538e-03
1.10000000e+01 1.41996798e-03
3.90000000e+01 1.41362688e-03
7.00000000e+00 1.42103089e-03
1.20000000e+01 1.41971262e-03
6.00000000e+00 1.42136502e-03
2.3000000e+01 1.4167782e-03
3.70000000e+01 1.41398505e-03
3.60000000e+01 1.41418587e-03
2.20000000e+01 1.41701054e-03
3.40000000e+01 1.41451452e-03
2.00000000e+01 1.41751164e-03
8.00000000e+00 1.42076108e-03
9.0000000e+00 1.4204908e-03
2.10000000e+01 1.41726245e-03
3.50000000e+01 1.41435843e-03
1.9000000e+01 1.4177394e-03
3.10000000e+01 1.41511911e-03
2.50000000e+01 1.41635162e-03
3.00000000e+01 1.41532983e-03
1.80000000e+01 1.41798711e-03
3.20000000e+01 1.41492715e-03
3.30000000e+01 1.41470811e-03
4.00000000e+01 1.41347632e-03
5.40000000e+01 1.41137502e-03
6.80000000e+01 1.40975431e-03
8.30000000e+01 1.40809619e-03
9.70000000e+01 1.40661503e-03
9.60000000e+01 1.40672034e-03
8.20000000e+01 1.40820955e-03
6.90000000e+01 1.40967071e-03
5.50000000e+01 1.41124925e-03
4.10000000e+01 1.41330761e-03
4.30000000e+01 1.41297025e-03
9.40000000e+01 1.40690958e-03
8.00000000e+01 1.40845343e-03
8.10000000e+01 1.40831865e-03
9.50000000e+01 1.40684256e-03
5.60000000e+01 1.41110256e-03
5.20000000e+01 1.41161691e-03
4.60000000e+01 1.41247954e-03
9.1000000e+01 1.4072394e-03
8.40000000e+01 1.40798031e-03
9.00000000e+01 1.40731822e-03
4.70000000e+01 1.41231086e-03
5.30000000e+01 1.41147236e-03
7.90000000e+01 1.40857158e-03
4.50000000e+01 1.41263655e-03
5.10000000e+01 1.41169018e-03
8.60000000e+01 1.40778294e-03
9.20000000e+01 1.40714756e-03
9.30000000e+01 1.40703326e-03
8.70000000e+01 1.40767399e-03
5.00000000e+01 1.41184418e-03
7.80000000e+01 1.40868907e-03
