6.10000000e+01 5.69114723e-03
7.50000000e+01 5.68921098e-03
4.9000000e+01 5.6935868e-03
1.00000000e+02 5.68488584e-03
4.80000000e+01 5.69385879e-03
7.40000000e+01 5.68921084e-03
6.00000000e+01 5.69134763e-03
7.6000000e+01 5.6889972e-03
6.20000000e+01 5.69088381e-03
8.90000000e+01 5.68648452e-03
8.80000000e+01 5.68665109e-03
6.30000000e+01 5.69074411e-03
7.70000000e+01 5.68872762e-03
7.30000000e+01 5.68930766e-03
6.70000000e+01 5.69009953e-03
9.80000000e+01 5.68514096e-03
9.90000000e+01 5.68504719e-03
6.600000e+01 5.690046e-03
7.20000000e+01 5.68935448e-03
5.80000000e+01 5.69180963e-03
6.40000000e+01 5.69053142e-03
7.00000000e+01 5.68968292e-03
7.10000000e+01 5.68949386e-03
6.50000000e+01 5.69035969e-03
5.90000000e+01 5.69158171e-03
2.         0.00570808
1.60000000e+01 5.70163898e-03
1.70000000e+01 5.70124069e-03
3.         0.00570722
1.50000000e+01 5.70211625e-03
1.        0.0057092
2.90000000e+01 5.69775435e-03
2.80000000e+01 5.69817324e-03
1.40000000e+01 5.70261984e-03
3.80000000e+01 5.69563492e-03
1.00000000e+01 5.70452827e-03
4.         0.00570722
5.         0.00570691
1.10000000e+01 5.70412559e-03
3.90000000e+01 5.69541521e-03
7.00000000e+00 5.70586876e-03
1.30000000e+01 5.70313555e-03
1.20000000e+01 5.70353441e-03
6.00000000e+00 5.70619723e-03
2.30000000e+01 5.69964565e-03
3.70000000e+01 5.69586233e-03
3.6000000e+01 5.6961097e-03
2.20000000e+01 5.69969698e-03
3.40000000e+01 5.69649545e-03
2.00000000e+01 5.69999072e-03
8.00000000e+00 5.70567807e-03
9.00000000e+00 5.70491343e-03
2.10000000e+01 5.69958914e-03
3.50000000e+01 5.69632975e-03
1.9000000e+01 5.7004604e-03
3.10000000e+01 5.69734254e-03
2.50000000e+01 5.69882297e-03
2.40000000e+01 5.69929036e-03
3.00000000e+01 5.69753581e-03
1.80000000e+01 5.70095282e-03
2.60000000e+01 5.69863058e-03
3.20000000e+01 5.69710059e-03
3.30000000e+01 5.69665968e-03
2.70000000e+01 5.69835825e-03
4.00000000e+01 5.69503854e-03
5.40000000e+01 5.69229385e-03
6.8000000e+01 5.6900855e-03
8.30000000e+01 5.68760766e-03
9.7000000e+01 5.6850255e-03
9.60000000e+01 5.68525389e-03
8.20000000e+01 5.68767834e-03
6.90000000e+01 5.68994525e-03
5.50000000e+01 5.69192206e-03
4.1000000e+01 5.6947497e-03
5.7000000e+01 5.6918794e-03
4.30000000e+01 5.69424475e-03
9.40000000e+01 5.68553208e-03
8.00000000e+01 5.68780555e-03
8.1000000e+01 5.6879602e-03
9.50000000e+01 5.68546395e-03
4.20000000e+01 5.69449623e-03
5.60000000e+01 5.69162081e-03
5.20000000e+01 5.69275759e-03
4.60000000e+01 5.69405369e-03
9.10000000e+01 5.68608626e-03
8.5000000e+01 5.6871923e-03
8.40000000e+01 5.68740993e-03
9.00000000e+01 5.68628972e-03
4.70000000e+01 5.69381166e-03
5.30000000e+01 5.69258931e-03
7.90000000e+01 5.68807611e-03
4.50000000e+01 5.69408541e-03
5.10000000e+01 5.69299563e-03
8.60000000e+01 5.68696204e-03
9.20000000e+01 5.68590246e-03
9.30000000e+01 5.68575508e-03
8.70000000e+01 5.68690067e-03
5.00000000e+01 5.69329889e-03
4.40000000e+01 5.69418326e-03
7.80000000e+01 5.68854085e-03
