2.50000000e+02 2.10461387e-06
3.0000000e+02 2.4298721e-04
3.50000000e+02 2.76858503e-03
4.00000000e+02 7.43511945e-03
4.50000000e+02 1.16867038e-02
5.00000000e+02 3.74429994e-03
5.50000000e+02 3.85774426e-03
6.00000000e+02 7.67212509e-03
6.50000000e+02 1.52057287e-02
7.00000000e+02 2.45592756e-02
7.50000000e+02 3.28380323e-02
8.00000000e+02 8.41678452e-02
8.50000000e+02 3.57313907e-02
9.00000000e+02 1.93755801e-02
9.50000000e+02 1.93781712e-02
1.00000000e+03 1.64435062e-02
1.0500000e+03 1.2299933e-02
1.10000000e+03 1.36679465e-02
1.15000000e+03 1.63413702e-02
1.2000000e+03 2.4785838e-02
