2.50000000e+02 6.19377793e-02
3.00000000e+02 1.04438718e-01
3.50000000e+02 8.52260895e-02
4.00000000e+02 1.28538069e-01
4.50000000e+02 8.51999769e-02
5.00000000e+02 1.34066817e-02
5.50000000e+02 8.26900357e-03
6.00000000e+02 1.11798602e-02
6.50000000e+02 1.71708537e-02
7.00000000e+02 2.68460001e-02
7.50000000e+02 3.14297176e-02
8.00000000e+02 8.00652215e-02
8.50000000e+02 4.10769635e-02
9.00000000e+02 2.06093091e-02
9.50000000e+02 2.02752417e-02
1.00000000e+03 1.71958007e-02
1.05000000e+03 1.28786161e-02
1.1000000e+03 1.3915276e-02
1.15000000e+03 1.69966924e-02
1.2000000e+03 2.5365857e-02
